0 0.570000 0.564000 0.176000 0.333333
0 0.742000 0.630667 0.188000 0.408000
0 0.920000 0.602667 0.160000 0.293333
0 0.359000 0.616000 0.194000 0.384000
0 0.145000 0.604000 0.170000 0.306667
0 0.086000 0.308000 0.096000 0.168000
0 0.213000 0.312000 0.126000 0.170667
0 0.330000 0.310667 0.092000 0.162667
0 0.482000 0.317333 0.128000 0.160000
0 0.627000 0.325333 0.094000 0.165333
0 0.778000 0.342667 0.100000 0.189333
0 0.960000 0.336000 0.080000 0.176000
0 0.915000 0.085333 0.114000 0.165333
0 0.695000 0.054667 0.082000 0.104000
0 0.539000 0.049333 0.074000 0.093333
0 0.370000 0.068000 0.084000 0.130667
0 0.132000 0.076000 0.092000 0.146667
