       0/9     2.09G    0.0747   0.02697         0    0.1017        23       640     0.379     0.816    0.6802    0.3062   0.03922   0.01216         0
       1/9     2.05G   0.04875   0.02078         0   0.06953        18       640    0.4528    0.8691    0.7494     0.346   0.03666   0.00922         0
       2/9     2.05G   0.04437   0.01932         0    0.0637        19       640    0.5138    0.8871    0.8218    0.3974   0.03251  0.009195         0
       3/9     2.05G   0.04146   0.01909         0   0.06055        18       640    0.4434    0.8903     0.834    0.4361   0.02947  0.009563         0
       4/9     2.05G   0.03833   0.01845         0   0.05678        21       640    0.5229    0.9051    0.8768    0.5408   0.02762  0.008958         0
       5/9     2.05G   0.03666   0.01822         0   0.05488        23       640    0.5463      0.91    0.8943    0.5592   0.02577  0.008532         0
       6/9     2.05G   0.03361   0.01753         0   0.05114        20       640    0.7125    0.9165    0.9294    0.6111   0.02345  0.007595         0
       7/9     2.05G   0.03199   0.01656         0   0.04855        32       640    0.6458    0.9574    0.9461    0.6535   0.02162  0.007524         0
       8/9     2.05G   0.03024   0.01563         0   0.04587        15       640    0.7021    0.9558    0.9601    0.6909   0.02011  0.007192         0
       9/9     2.05G   0.02852   0.01537         0   0.04389        15       640    0.7456    0.9591     0.967    0.7036   0.01894  0.006727         0
