0.12170002609491348,0.04026011377573013,0.0,0.00094375256115595,0.0028653295128939827,0.0011069392751623837,0.00015224448798430994,0.059616077691316605,0.03009866736829281,0.0,7.000000000000001e-05,7.000000000000001e-05,0.09937,0
0.10333208739757538,0.041290707886219025,0.0,0.0,0.0,0.0008601569700230762,0.0001187441347867264,0.059252504259347916,0.029811350628733635,0.0,9.000000000000002e-05,9.000000000000002e-05,0.09859000000000001,1
0.10438955575227737,0.04420305788516998,0.0,0.0039001568963058053,0.011461318051575931,0.0013772785661223402,0.00020246571276611504,0.05906043201684952,0.029672253876924515,0.0,0.00015000000000000001,0.00015000000000000001,0.09865,2
0.11876422166824341,0.04537859186530113,0.0,0.003192848888586772,0.008595988538681949,0.0013731731036831208,0.000210521881845817,0.058375898748636246,0.02923501655459404,0.0,0.00018600000000000002,0.00018600000000000002,0.097086,3
0.09429405629634857,0.04228230565786362,0.0,0.004491355502591459,0.011461318051575931,0.0024190342331973326,0.00036530803583399783,0.05829505994915962,0.028554391115903854,0.0,0.00023,0.00023,0.09793,4
0.10638099163770676,0.042951829731464386,0.0,0.0015299886199193562,0.0028653295128939827,0.0024917757097243616,0.0004179317125353074,0.05764877423644066,0.02778441831469536,0.0,0.000282,0.000282,0.095582,5
0.10522997379302979,0.039078377187252045,0.0,0.001798993237842159,0.0028653295128939827,0.00289585365941459,0.00045955046062799693,0.057486120611429214,0.02692601829767227,0.0,0.00031,0.00031,0.09721,6
0.0937647819519043,0.035376403480768204,0.0,0.006486026572419662,0.008595988538681949,0.003533943032132934,0.0005154445599395116,0.05693834275007248,0.026791676878929138,0.0,0.0003780000000000001,0.0003780000000000001,0.09407800000000001,7
0.10259374231100082,0.03980603069067001,0.0,0.005662521406507579,0.0057306590257879654,0.0034803719149546115,0.0004854824628255035,0.05641297623515129,0.025817973539233208,0.0,0.00039000000000000005,0.00039000000000000005,0.09649,8
0.08805472403764725,0.034517936408519745,0.0,0.0038737242225614322,0.0028653295128939827,0.004080729171864264,0.0005834701298572029,0.055679067969322205,0.02493341825902462,0.0,0.0004740000000000001,0.0004740000000000001,0.092574,9
0.09598755091428757,0.037043239921331406,0.0,0.0,0.0,0.005014739192832068,0.0007700022719609837,0.05473383516073227,0.023888004943728447,0.0,0.00047000000000000004,0.00047000000000000004,0.09577000000000001,10
0.09232200682163239,0.03850706294178963,0.0,0.008248979038844912,0.0028653295128939827,0.005594587511176842,0.000904213219166357,0.053764551877975464,0.02331845462322235,0.0,0.0005700000000000001,0.0005700000000000001,0.09107000000000001,11
0.08980805426836014,0.029135512188076973,0.0,0.0,0.0,0.006415308726451965,0.00115648702827965,0.05324863642454147,0.022803906351327896,0.0,0.00055,0.00055,0.09505000000000001,12
0.08748970925807953,0.035812318325042725,0.0,0.0,0.0,0.007018763785375841,0.001176026502232889,0.051873430609703064,0.022288471460342407,0.0,0.0006660000000000001,0.0006660000000000001,0.089566,13
0.08694250136613846,0.03554350882768631,0.0,0.0,0.0,0.008489587579712772,0.001467124792631305,0.050773736089468,0.021803686395287514,0.0,0.00063,0.00063,0.09433000000000001,14
0.08025167882442474,0.03131260722875595,0.0,0.0,0.0,0.013221028130034425,0.002368715192423904,0.049685075879096985,0.020939407870173454,0.0,0.0007620000000000001,0.0007620000000000001,0.088062,15
0.0879601538181305,0.032089345157146454,0.0,0.0,0.0,0.011749350873845599,0.0021903258611467736,0.04925008863210678,0.020630307495594025,0.0,0.00071,0.00071,0.09361,16
0.08252711594104767,0.03413460776209831,0.0,0.0,0.0,0.018971573090415854,0.00375825488793259,0.04754630848765373,0.020311692729592323,0.0,0.0008580000000000001,0.0008580000000000001,0.08655800000000001,17
0.08084908127784729,0.03233542665839195,0.0,0.0,0.0,0.017317070048849494,0.003483876975900406,0.04680580273270607,0.01978130079805851,0.0,0.00079,0.00079,0.09289,18
0.08272631466388702,0.03228478506207466,0.0,0.0,0.0,0.019875029993558696,0.0037457193001063163,0.045419126749038696,0.019621867686510086,0.0,0.0009540000000000002,0.0009540000000000002,0.085054,19
0.07694660127162933,0.03107765130698681,0.0,0.0,0.0,0.021879906388340538,0.004679545384594611,0.04544449970126152,0.018912168219685555,0.0,0.0008700000000000001,0.0008700000000000001,0.09217,20
0.07848376035690308,0.03199206665158272,0.0,0.0,0.0,0.03197005037301801,0.006489989209095238,0.04396175593137741,0.018812254071235657,0.0,0.0010500000000000002,0.0010500000000000002,0.08355000000000001,21
0.0715254619717598,0.02982432395219803,0.0,0.0,0.0,0.03217296476222217,0.0071555026047950675,0.043816011399030685,0.018469685688614845,0.0,0.0009500000000000001,0.0009500000000000001,0.09145,22
0.07505989074707031,0.03276476636528969,0.0,0.0,0.0,0.04287932687176521,0.008042282476791835,0.042892664670944214,0.01807248778641224,0.0,0.001146,0.001146,0.08204600000000001,23
0.06809475272893906,0.02810189314186573,0.0,0.0,0.0,0.04108758429501819,0.009936938359362298,0.042679496109485626,0.017792344093322754,0.0,0.00103,0.00103,0.09073,24
0.06857667118310928,0.0309685580432415,0.0,0.0,0.0,0.05665113705206594,0.012677042283905338,0.041679948568344116,0.01753152720630169,0.0,0.0012420000000000003,0.0012420000000000003,0.080542,25
0.0638350173830986,0.03014763630926609,0.0,0.0,0.0,0.06683031154929175,0.01402962811142768,0.04118392616510391,0.017456552013754845,0.0,0.00111,0.00111,0.09001,26
0.06862446665763855,0.031353771686553955,0.0,0.0,0.0,0.0741109016176188,0.016771426821380116,0.040161386132240295,0.017169317230582237,0.0,0.0013380000000000002,0.0013380000000000002,0.07903800000000001,27
0.06195959448814392,0.029391363263130188,0.0,0.0,0.0,0.07033414214116557,0.015376381240745978,0.0405985526740551,0.01690433733165264,0.0,0.00119,0.00119,0.08929000000000001,28
0.06138835847377777,0.03010968305170536,0.0,0.17007575757575763,0.0057306590257879654,0.0858328809614046,0.021324261525588105,0.04012496396899223,0.016682978719472885,0.0,0.0014340000000000002,0.0014340000000000002,0.077534,29
0.05951119586825371,0.028728358447551727,0.0,0.32024513947590855,0.012188670927925933,0.12002906843382007,0.030780085639580162,0.03894324228167534,0.01645687408745289,0.0,0.00127,0.00127,0.08857000000000001,30
0.05898072198033333,0.030882464721798897,0.0,0.09918367346938778,0.0057306590257879654,0.1241907979746788,0.028582818786177938,0.038206327706575394,0.016354097053408623,0.0,0.0015300000000000003,0.0015300000000000003,0.07603000000000001,31
0.05951696261763573,0.02959562838077545,0.0,0.1878333333333334,0.0028653295128939827,0.11638652093844262,0.029915439046117737,0.038641057908535004,0.016423769295215607,0.0,0.00135,0.00135,0.08785000000000001,32
0.06207630783319473,0.03128625825047493,0.0,0.474501424501424,0.03624641833810882,0.16884747670559688,0.044536915300411366,0.03763733059167862,0.01601528748869896,0.0,0.0016260000000000003,0.0016260000000000003,0.07452600000000001,33
0.060251832008361816,0.030881265178322792,0.0,0.4585361552028218,0.026721850790618694,0.18178859290670957,0.05256109057055989,0.03689349442720413,0.016062619164586067,0.0,0.00143,0.00143,0.08713,34
0.059461355209350586,0.029063910245895386,0.0,0.5044334975369459,0.12607449856733524,0.237780820946878,0.07640155492948766,0.036122143268585205,0.015850145369768143,0.0,0.0017220000000000002,0.0017220000000000002,0.073022,35
0.05458604171872139,0.02696217969059944,0.0,0.4185971685971684,0.13409742120343826,0.22402859173108802,0.0655997543063219,0.03629964962601662,0.015723170712590218,0.0,0.00151,0.00151,0.08641,36
0.05362526327371597,0.029723886400461197,0.0,0.41279236794319324,0.2979942693409742,0.27964631006212004,0.08329171899584653,0.0349452868103981,0.015328911133110523,0.0,0.0018180000000000004,0.0018180000000000004,0.07151800000000001,37
0.05683751031756401,0.029812872409820557,0.0,0.4128769476137898,0.33810888252148996,0.297927475708813,0.08838911693305651,0.03377734124660492,0.015282484702765942,0.0,0.00159,0.00159,0.08569,38
0.05473768711090088,0.02841625176370144,0.0,0.3693888245074821,0.47163323782234934,0.37161219403937534,0.11280281977935727,0.0338049940764904,0.014840485528111458,0.0,0.0019140000000000003,0.0019140000000000003,0.070014,39
0.05180908367037773,0.027617119252681732,0.0,0.3431892833031304,0.5214899713467048,0.3725488257100291,0.11781373861209324,0.03296441212296486,0.014771740883588791,0.0,0.00167,0.00167,0.08497,40
0.048418812453746796,0.027715448290109634,0.0,0.3125485091946158,0.5787965616045845,0.39605937055735313,0.12548074385480354,0.03203868120908737,0.014337949454784393,0.0,0.0020100000000000005,0.0020100000000000005,0.06851000000000002,41
0.04967445880174637,0.03297099098563194,0.0,0.3076498092446241,0.6361031518624641,0.4245763197501359,0.1480562920093813,0.03241962566971779,0.013890349306166172,0.0,0.00175,0.00175,0.08425,42
0.044446028769016266,0.030080441385507584,0.0,0.2425769100158584,0.6991404011461319,0.45833864722121687,0.15181523996173002,0.031034834682941437,0.013851725496351719,0.0,0.0021060000000000002,0.0021060000000000002,0.06700600000000001,43
0.04746580868959427,0.033591583371162415,0.0,0.283493429225237,0.7106017191977078,0.48694430963503554,0.1679375281954965,0.02992095984518528,0.01346287690103054,0.0,0.0018300000000000002,0.0018300000000000002,0.08353000000000001,44
0.04618795961141586,0.034405503422021866,0.0,0.2627537253219761,0.7449856733524355,0.49305053683850464,0.17396927909219445,0.029110265895724297,0.013289269991219044,0.0,0.0022020000000000004,0.0022020000000000004,0.065502,45
0.04611591622233391,0.03653327375650406,0.0,0.304987720990967,0.7363896848137536,0.5280536724149769,0.1952636158604974,0.029141034930944443,0.013102891854941845,0.0,0.0019100000000000002,0.0019100000000000002,0.08281000000000001,46
0.046990152448415756,0.03471430391073227,0.0,0.28673081218652063,0.7736389684813754,0.5356717729596575,0.19795037201151788,0.028266435489058495,0.012755065225064754,0.0,0.0022980000000000006,0.0022980000000000006,0.063998,47
0.04385194182395935,0.03653328865766525,0.0,0.2933790153508463,0.7765042979942693,0.5036195212969691,0.1840527526131686,0.027583720162510872,0.012625168077647686,0.0,0.00199,0.00199,0.08209,48
0.04695820063352585,0.036176037043333054,0.0,0.2685619231475352,0.7994269340974212,0.5699306961966788,0.2126791889193013,0.027817897498607635,0.012416765093803406,0.0,0.0023940000000000003,0.0023940000000000003,0.06249400000000001,49
0.04297369346022606,0.036576755344867706,0.0,0.27906500447122945,0.7765042979942693,0.5325114274291542,0.19832664175191522,0.026848293840885162,0.012370613403618336,0.0,0.0020700000000000002,0.0020700000000000002,0.08137,50
0.04103711619973183,0.034606922417879105,0.0,0.2904293475319141,0.8051575931232091,0.6010357132731985,0.23232244992954,0.02623528614640236,0.012025512754917145,0.0,0.0024900000000000005,0.0024900000000000005,0.06099000000000001,51
0.04149317368865013,0.036416713148355484,0.0,0.29852351452552994,0.7994269340974212,0.5887803516523689,0.23468034528231008,0.025939373299479485,0.011830614879727364,0.0,0.00215,0.00215,0.08065,52
0.04257296398282051,0.037350304424762726,0.0,0.2773483213261197,0.8223495702005731,0.5780550802694486,0.22348788108403578,0.024768587201833725,0.012044738046824932,0.0,0.0025860000000000006,0.0025860000000000006,0.05948600000000001,53
0.0410783477127552,0.03575872629880905,0.0,0.27611910384034505,0.828080229226361,0.5919124391479954,0.23460477636377894,0.027255725115537643,0.011868958361446857,0.0,0.00223,0.00223,0.07993,54
0.04018551856279373,0.03395846486091614,0.0,0.2896423058520044,0.8137535816618912,0.5290754991622171,0.1862453642436243,0.025190098211169243,0.011698823422193527,0.0,0.0026820000000000004,0.0026820000000000004,0.057982000000000006,55
0.04143334925174713,0.03489257022738457,0.0,0.31087977225847696,0.8108882521489972,0.6159150853662838,0.2468212786882948,0.02636890485882759,0.01168753020465374,0.0,0.00231,0.00231,0.07921,56
0.042859259992837906,0.03513190522789955,0.0,0.3442784457724338,0.8051575931232091,0.6762727786617735,0.2845535879740092,0.0245012529194355,0.011535795405507088,0.0,0.0027780000000000005,0.0027780000000000005,0.05647800000000001,57
0.04109648987650871,0.03474050015211105,0.0,0.2711570876465099,0.836676217765043,0.6425654222404403,0.24484989739125784,0.02483798936009407,0.011655624955892563,0.0,0.00239,0.00239,0.07849,58
0.04018736258149147,0.03519964963197708,0.0,0.27641976531168,0.8424068767908309,0.6005339313251763,0.24007060663439836,0.0255451463162899,0.011475577019155025,0.0,0.0028740000000000007,0.0028740000000000007,0.05497400000000001,59
0.041367266327142715,0.03619733825325966,0.0,0.3038323917137477,0.8223495702005731,0.652353020871497,0.2799087108331884,0.024731988087296486,0.011439076624810696,0.0,0.0024700000000000004,0.0024700000000000004,0.07777,60
0.04166686534881592,0.03389415889978409,0.0,0.33742342563097283,0.8194842406876791,0.681374077416148,0.30961134925666645,0.023462332785129547,0.01149656716734171,0.0,0.0029700000000000004,0.0029700000000000004,0.05347000000000001,61
0.03852375969290733,0.0349532887339592,0.0,0.31199939532174664,0.8481375358166189,0.7017576519354073,0.2990655621154902,0.02315383031964302,0.01149927917867899,0.0,0.00255,0.00255,0.07705000000000001,62
0.04142815247178078,0.03255324065685272,0.0,0.2904912220391023,0.828080229226361,0.6060180078237363,0.2533237662988174,0.024475669488310814,0.011230125091969967,0.0,0.0030660000000000006,0.0030660000000000006,0.051966000000000005,63
0.040628429502248764,0.036564942449331284,0.0,0.3153105808919763,0.8538681948424068,0.6682056093231837,0.2611893540019955,0.023615946993231773,0.011264749802649021,0.0,0.0026300000000000004,0.0026300000000000004,0.07633000000000001,64
0.03792230412364006,0.03420759364962578,0.0,0.289295450302479,0.8316045845272206,0.6354205843611193,0.25979249503890683,0.023832160979509354,0.011353006586432457,0.0,0.0031620000000000003,0.0031620000000000003,0.05046200000000001,65
0.039331503212451935,0.03572028502821922,0.0,0.29252443660059735,0.8510028653295129,0.6165199438652094,0.24961826467995302,0.0234462171792984,0.011198443360626698,0.0,0.00271,0.00271,0.07561000000000001,66
0.039801642298698425,0.03476982191205025,0.0,0.31220368499129275,0.8624641833810889,0.6521345764050842,0.2804157648018545,0.023864805698394775,0.01136146578937769,0.0,0.0032580000000000005,0.0032580000000000005,0.04895800000000001,67
0.03948776051402092,0.032968323677778244,0.0,0.2899820602487696,0.8538681948424068,0.6173646739329971,0.2525344083906257,0.024639783427119255,0.011010979302227497,0.0,0.0027900000000000004,0.0027900000000000004,0.07489000000000001,68
0.038641735911369324,0.03566151484847069,0.0,0.3149199197588475,0.8710601719197708,0.7062155412494937,0.3252789524519873,0.0223071351647377,0.011297846212983131,0.0,0.0033540000000000006,0.0033540000000000006,0.04745400000000001,69
0.03778954595327377,0.03642741218209267,0.0,0.296014135813783,0.8681948424068768,0.6491562462547062,0.28016344761204615,0.02338760532438755,0.011123434640467167,0.0,0.00287,0.00287,0.07417,70
0.03815614804625511,0.03379295766353607,0.0,0.3419284387204409,0.8710601719197708,0.7212329671087968,0.327950421210641,0.021811338141560555,0.011374836787581444,0.0,0.0034500000000000004,0.0034500000000000004,0.04595000000000001,71
0.037830304354429245,0.0342896468937397,0.0,0.26823164462902455,0.8796561604584527,0.6595020052267107,0.275333786071652,0.023885998874902725,0.011272557079792023,0.0,0.0029500000000000004,0.0029500000000000004,0.07345,72
0.03910275176167488,0.034471314400434494,0.0,0.2926461417855934,0.8882521489971347,0.6688077683357995,0.28783330259905826,0.022943729534745216,0.011331869289278984,0.0,0.0035460000000000005,0.0035460000000000005,0.044446000000000006,73
0.03746258094906807,0.03241058066487312,0.0,0.3129196197835376,0.8681948424068768,0.6948729019074649,0.32746557463639386,0.022404706105589867,0.010939080268144608,0.0,0.00303,0.00303,0.07273,74
0.03903626650571823,0.03721994906663895,0.0,0.32335270309991637,0.8710601719197708,0.7503855321674912,0.3444985282713916,0.020990468561649323,0.011260107159614563,0.0,0.0036420000000000007,0.0036420000000000007,0.04294200000000001,75
0.036476749926805496,0.033012811094522476,0.0,0.31045872210341907,0.8624641833810889,0.7146976198788992,0.34162927923868736,0.02219005487859249,0.010854334570467472,0.0,0.0031100000000000004,0.0031100000000000004,0.07201,76
0.03843161463737488,0.03347771614789963,0.0,0.30783589743589745,0.8825214899713467,0.7380080484174278,0.2992300726439333,0.021512426435947418,0.011163503862917423,0.0,0.0037380000000000004,0.0037380000000000004,0.04143800000000001,77
0.03700345754623413,0.03216417878866196,0.0,0.32044164147510773,0.8710601719197708,0.7186731495206792,0.34811437486139907,0.02229287102818489,0.010999586433172226,0.0,0.00319,0.00319,0.07129,78
0.03673606738448143,0.03223266452550888,0.0,0.2953098297360593,0.8767908309455588,0.71461808032622,0.34627980874983755,0.022215235978364944,0.01121371891349554,0.0,0.0038340000000000006,0.0038340000000000006,0.03993400000000001,79
0.038512665778398514,0.035503774881362915,0.0,0.26722930413801316,0.8710601719197708,0.5656574570276289,0.1891309490959953,0.024708718061447144,0.01094376016408205,0.0,0.0032700000000000003,0.0032700000000000003,0.07057000000000001,80
0.037973083555698395,0.03144915774464607,0.0,0.30435644282244323,0.8687679083094555,0.6960269659241335,0.31513253690438753,0.0221050214022398,0.011274883523583412,0.0,0.00393,0.00393,0.038430000000000006,81
0.0377727709710598,0.0326445996761322,0.0,0.3370662820450138,0.8739255014326648,0.7125698547891542,0.291809200727104,0.021806271746754646,0.010698467493057251,0.0,0.0033234126984126983,0.0033234126984126983,0.07008928571428572,82
0.0369533970952034,0.03304081782698631,0.0,0.30871675726701603,0.8767908309455588,0.7417723247846648,0.3462514548822593,0.021891729906201363,0.010776203125715256,0.0,0.00399404761904762,0.00399404761904762,0.03742658730158731,83
0.035069532692432404,0.03235292062163353,0.0,0.3570598586782901,0.8796561604584527,0.7789564270894092,0.3501382936795431,0.020691795274615288,0.010762670077383518,0.0,0.0033236434108527132,0.0033236434108527132,0.07008720930232558,84
0.036619678139686584,0.034420598298311234,0.0,0.3056251633582326,0.8624641833810889,0.6412015680438213,0.2593571104308217,0.022764082998037338,0.010394513607025146,0.0,0.003994186046511629,0.003994186046511629,0.03742441860465116,85
0.0350196436047554,0.030615758150815964,0.0,0.3384859304577532,0.8595988538681948,0.7017388354986561,0.2858742526397548,0.0216129869222641,0.01074928231537342,0.0,0.0033238636363636365,0.0033238636363636365,0.07008522727272727,86
0.037511225789785385,0.03168778494000435,0.0,0.377789878968805,0.8997134670487106,0.8230544354632943,0.40125989814883056,0.019800346344709396,0.01061885617673397,0.0,0.003994318181818183,0.003994318181818183,0.03742234848484849,87
0.034163061529397964,0.03285129740834236,0.0,0.30852700194017557,0.8853868194842407,0.7079766901225446,0.3017122259668294,0.0211538914591074,0.010571014136075974,0.0,0.003324074074074074,0.003324074074074074,0.07008333333333333,88
0.038782741874456406,0.031820762902498245,0.0,0.30852700194017557,0.8853868194842407,0.7079766901225446,0.3017122259668294,0.0211538914591074,0.010571014136075974,0.0,0.003994444444444445,0.003994444444444445,0.03742037037037037,89
0.036326535046100616,0.031750522553920746,0.0,0.34798893012459986,0.8825214899713467,0.7470403698362393,0.39266296856477917,0.021015124395489693,0.010649563744664192,0.0,0.0033242753623188405,0.0033242753623188405,0.07008152173913043,90
0.03642004355788231,0.03152596578001976,0.0,0.35505875736891096,0.8944126074498566,0.7884486800388775,0.4204877274886932,0.019879454746842384,0.010469600558280945,0.0,0.003994565217391305,0.003994565217391305,0.03741847826086957,91
0.034190528094768524,0.032444991171360016,0.0,0.38503854818523153,0.8825214899713467,0.7252478532510649,0.2956316330031962,0.020781314000487328,0.010312575846910477,0.0,0.003324468085106383,0.003324468085106383,0.07007978723404255,92
0.03283318132162094,0.0297840666025877,0.0,0.3818091955264358,0.8936962750716332,0.7526750557791452,0.34894807153932345,0.019537262618541718,0.01036571990698576,0.0,0.003994680851063831,0.003994680851063831,0.03741666666666667,93
0.034195028245449066,0.03184087201952934,0.0,0.3199755186106603,0.8968481375358166,0.6932300262545635,0.3197550376038865,0.021729985252022743,0.010069070383906364,0.0,0.003324652777777778,0.003324652777777778,0.07007812499999999,94
0.06255345046520233,0.02431875839829445,0.0,0.13759891504504057,0.11174785100286533,0.0743724151039088,0.021691870243084933,0.06342119723558426,0.005232282914221287,0.0,0.003994791666666667,0.003994791666666667,0.03741493055555556,95
0.033162180334329605,0.03099655732512474,0.0,0.35786620995674645,0.8653295128939829,0.7861120482951272,0.3935665614310515,0.019950250163674355,0.010497559793293476,0.0,0.003324829931972789,0.003324829931972789,0.07007653061224489,96
0.03462139144539833,0.02947329729795456,0.0,0.3805753417956808,0.8997134670487106,0.7286113195101933,0.325983978517567,0.02159668691456318,0.01004579197615385,0.0,0.003994897959183674,0.003994897959183674,0.03741326530612245,97
0.03403998166322708,0.030034715309739113,0.0,0.310386041957212,0.8939828080229226,0.6833717697754369,0.25211187834726656,0.021585404872894287,0.01075374148786068,0.0,0.0033250000000000003,0.0033250000000000003,0.070075,98
0.03345108777284622,0.029352404177188873,0.0,0.35839376656233984,0.8796561604584527,0.7822280194517623,0.3332515624353439,0.019502799957990646,0.01074403990060091,0.0,0.003995,0.003995,0.037411666666666676,99
0.03290568292140961,0.030318548902869225,0.0,0.3618611852204431,0.8882521489971347,0.778104879634569,0.36380480398950155,0.019221331924200058,0.010488436557352543,0.0,0.003325163398692811,0.003325163398692811,0.0700735294117647,100
0.0352814719080925,0.02877446822822094,0.0,0.3271198049235432,0.9025787965616046,0.6831642780816766,0.27526340617196654,0.02261071838438511,0.010013279505074024,0.0,0.003995098039215687,0.003995098039215687,0.03741013071895426,101
0.033200062811374664,0.02742134965956211,0.0,0.38121897635822216,0.9054441260744985,0.8135893060697651,0.3801558233186085,0.01931741274893284,0.010229934006929398,0.0,0.0033253205128205127,0.0033253205128205127,0.07007211538461539,102
0.03515545651316643,0.030519697815179825,0.0,0.4060511270567598,0.8767908309455588,0.7680865874051356,0.34418336653456916,0.019754057750105858,0.010242927819490433,0.0,0.003995192307692308,0.003995192307692308,0.03740865384615384,103
0.03397475928068161,0.028124334290623665,0.0,0.40591938171275993,0.8767908309455588,0.7971464728213551,0.3960761612898982,0.019059691578149796,0.010103962384164333,0.0,0.0033254716981132074,0.0033254716981132074,0.07007075471698114,104
0.032820604741573334,0.029864512383937836,0.0,0.38664626407348257,0.8882521489971347,0.8126963975647673,0.4512601736258254,0.017852764576673508,0.010263880714774132,0.0,0.003995283018867925,0.003995283018867925,0.03740723270440252,105
0.03375273197889328,0.028297819197177887,0.0,0.33179712051118093,0.8911174785100286,0.6162280286858093,0.2482070222556753,0.021545248106122017,0.010244994424283504,0.0,0.0033256172839506173,0.0033256172839506173,0.07006944444444445,106
0.03509865701198578,0.028413113206624985,0.0,0.39534605757196495,0.9054441260744985,0.7638259805405415,0.35273251929079186,0.020124049857258797,0.009708921425044537,0.0,0.003995370370370371,0.003995370370370371,0.037405864197530864,107
0.03335331380367279,0.02819453366100788,0.0,0.3580331944027139,0.9054441260744985,0.7379678957674729,0.3158523421929884,0.020123863592743874,0.009911091066896915,0.0,0.0033257575757575757,0.0033257575757575757,0.07006818181818182,108
0.032937996089458466,0.02841951884329319,0.0,0.43963832218572946,0.8911174785100286,0.8024256376783878,0.36189818705031407,0.01856396347284317,0.010111908428370953,0.0,0.003995454545454546,0.003995454545454546,0.037404545454545454,109
0.0322391577064991,0.027190566062927246,0.0,0.46540469704474163,0.8968481375358166,0.7824542692535704,0.3419780482245528,0.019501348957419395,0.009991500526666641,0.0,0.003325892857142857,0.003325892857142857,0.0700669642857143,110
0.05551145225763321,0.02466244250535965,0.0,0.2576409253828609,0.38968481375358166,0.2477325681625599,0.10854993171868352,0.05198889598250389,0.0074818371795117855,0.0,0.0039955357142857145,0.0039955357142857145,0.03740327380952381,111
0.031192859634757042,0.025388037785887718,0.0,0.41914178905206945,0.8997134670487106,0.7076430954499748,0.31728460862227165,0.019477205350995064,0.009977320209145546,0.0,0.0033260233918128656,0.0033260233918128656,0.0700657894736842,112
0.03287990018725395,0.025466036051511765,0.0,0.30276396780303033,0.8882521489971347,0.6675690765218946,0.3310184610366988,0.021892057731747627,0.009709767997264862,0.0,0.00399561403508772,0.00399561403508772,0.03740204678362573,113
0.03168435022234917,0.026208793744444847,0.0,0.46077515326597035,0.8939828080229226,0.8391292048831103,0.4494901320640074,0.01772707886993885,0.009845798835158348,0.0,0.003326149425287356,0.003326149425287356,0.0700646551724138,114
0.03192303329706192,0.027447275817394257,0.0,0.4456696563618435,0.9111747851002865,0.8382980595979332,0.4389024701778557,0.01768014393746853,0.0098149748519063,0.0,0.003995689655172415,0.003995689655172415,0.03740086206896552,115
0.030983973294496536,0.027101615443825722,0.0,0.4570098549473613,0.8997134670487106,0.8323512705063718,0.4598696766951115,0.01790102943778038,0.0095645347610116,0.0,0.003326271186440678,0.003326271186440678,0.0700635593220339,116
0.03380134701728821,0.027074752375483513,0.0,0.4432675270764632,0.8968481375358166,0.7359774462632704,0.3274880123887347,0.01950770989060402,0.00981857068836689,0.0,0.003995762711864408,0.003995762711864408,0.0373997175141243,117
0.03042730502784252,0.02611701190471649,0.0,0.4781803130428125,0.8853868194842407,0.8439648593662978,0.45737369784963217,0.01773395761847496,0.009717727079987526,0.0,0.003326388888888889,0.003326388888888889,0.0700625,118
0.03189991042017937,0.025871697813272476,0.0,0.48077927339487003,0.8911174785100286,0.8350615932476544,0.42403127024954446,0.019038241356611252,0.009513418190181255,0.0,0.003995833333333335,0.003995833333333335,0.03739861111111112,119
0.030923595651984215,0.02697574533522129,0.0,0.5036206755358352,0.8939828080229226,0.8588142625643738,0.46687139993574417,0.017081964761018753,0.009547894820570946,0.0,0.003326502732240437,0.003326502732240437,0.07006147540983607,120
0.032591789960861206,0.02673860266804695,0.0,0.4495290969386177,0.8997134670487106,0.8542765493017217,0.4665973430515207,0.017896277830004692,0.009492124430835247,0.0,0.003995901639344263,0.003995901639344263,0.037397540983606564,121
0.030272727832198143,0.026324927806854248,0.0,0.4579142060146276,0.9054441260744985,0.8240360180216435,0.40155600374213335,0.020516041666269302,0.009289776906371117,0.0,0.0033266129032258063,0.0033266129032258063,0.07006048387096775,122
0.03285614028573036,0.027758872136473656,0.0,0.39466637390771264,0.8968481375358166,0.7315727345165417,0.3541673872188935,0.02266058325767517,0.009070825763046741,0.0,0.003995967741935485,0.003995967741935485,0.03739650537634409,123
0.030980465933680534,0.02600395679473877,0.0,0.4834045798436473,0.9169054441260746,0.8757641172986685,0.4100476591840594,0.01876206137239933,0.00950129609555006,0.0,0.0033267195767195767,0.0033267195767195767,0.07005952380952381,124
0.03258972987532616,0.026167718693614006,0.0,0.5027273681684564,0.9111747851002865,0.8441618840308319,0.44241426813990714,0.02003028616309166,0.00904646422713995,0.0,0.0039960317460317465,0.0039960317460317465,0.03739550264550266,125
0.030522702261805534,0.025519641116261482,0.0,0.47690940656997177,0.9054441260744985,0.8486697918904798,0.4612595438534884,0.01763942651450634,0.009593848139047623,0.0,0.0033268229166666667,0.0033268229166666667,0.07005859375000001,126
0.0493236668407917,0.025396523997187614,0.0,0.4214313960581393,0.8327602674307545,0.7298096922632943,0.41805214413096836,0.039725806564092636,0.00790494866669178,0.0,0.003996093750000001,0.003996093750000001,0.037394531250000015,127
0.028386419638991356,0.02511959709227085,0.0,0.41483244934900226,0.9140401146131805,0.8159903926237829,0.4352135977643801,0.019256776198744774,0.009476167149841785,0.0,0.003326923076923077,0.003326923076923077,0.0700576923076923,128
0.031757257878780365,0.026573216542601585,0.0,0.42917864285527796,0.9226361031518625,0.7528502387083187,0.36593748562071476,0.019419372081756592,0.009351302869617939,0.0,0.003996153846153847,0.003996153846153847,0.03739358974358975,129
0.029447542503476143,0.026121556758880615,0.0,0.47267521050024763,0.9111747851002865,0.8401320730757799,0.45876822114898125,0.017699111253023148,0.009561560116708279,0.0,0.003327020202020202,0.003327020202020202,0.07005681818181819,130
0.03031456284224987,0.02572699449956417,0.0,0.4411766706470971,0.9197707736389685,0.8347960814287896,0.46423816526863354,0.017806433141231537,0.009571592323482037,0.0,0.003996212121212122,0.003996212121212122,0.03739267676767677,131
0.02947712130844593,0.024554559960961342,0.0,0.4617299145299146,0.8939828080229226,0.781710840935011,0.41337205562784674,0.019849060103297234,0.009248643182218075,0.0,0.0033271144278606965,0.0033271144278606965,0.07005597014925373,132
0.03180782496929169,0.02619873359799385,0.0,0.49739324750560115,0.9140401146131805,0.8410376175496392,0.4611395982408169,0.017390703782439232,0.00953917670994997,0.0,0.003996268656716418,0.003996268656716418,0.03739179104477612,133
0.02990752086043358,0.02648094855248928,0.0,0.4574960324950887,0.9054441260744985,0.8075989167903019,0.41479632416955353,0.01838511973619461,0.009329255670309067,0.0,0.003327205882352941,0.003327205882352941,0.07005514705882353,134
0.029789403080940247,0.02578321471810341,0.0,0.512765811965812,0.9169054441260746,0.8725687378569257,0.4746952412193943,0.01683952659368515,0.009377557784318924,0.0,0.003996323529411766,0.003996323529411766,0.03739093137254902,135
0.028422100469470024,0.02519812621176243,0.0,0.49499274310595065,0.9025787965616046,0.8587223230248657,0.45829428055098936,0.017757367342710495,0.009225905872881413,0.0,0.003327294685990338,0.003327294685990338,0.07005434782608697,136
0.0297432541847229,0.02540084719657898,0.0,0.5169472600570162,0.9111747851002865,0.8672146610927195,0.4205429866342671,0.018292715772986412,0.009244590066373348,0.0,0.003996376811594204,0.003996376811594204,0.03739009661835749,137
0.02844787761569023,0.0254681333899498,0.0,0.5449100084594964,0.9140401146131805,0.8833375722032276,0.46951646835123073,0.017516620457172394,0.009157652035355568,0.0,0.0033273809523809523,0.0033273809523809523,0.07005357142857144,138
0.029691645875573158,0.024580474942922592,0.0,0.4348219474535264,0.9226361031518625,0.800377142264009,0.4341853232464681,0.018541302531957626,0.009259448386728764,0.0,0.003996428571428573,0.003996428571428573,0.03738928571428572,139
0.02798253670334816,0.02440081164240837,0.0,0.5755596657715634,0.9140401146131805,0.8762908815742704,0.48859855462205476,0.017327582463622093,0.009046899154782295,0.0,0.0033274647887323945,0.0033274647887323945,0.07005281690140845,140
0.028649568557739258,0.0225946307182312,0.0,0.5090393177873368,0.9197707736389685,0.8561626081673187,0.38665621007789236,0.019195448607206345,0.009108532220125198,0.0,0.003996478873239437,0.003996478873239437,0.03738849765258216,141
0.027044856920838356,0.0236401055008173,0.0,0.485725943244854,0.9197707736389685,0.825053209042217,0.46153321681536896,0.01879202388226986,0.008896630257368088,0.0,0.0033275462962962963,0.0033275462962962963,0.07005208333333333,142
0.037871863692998886,0.023524707183241844,0.0,0.35292821045547945,0.9140401146131805,0.7790832596031586,0.4237582384205334,0.03135617449879646,0.007741684094071388,0.0,0.0039965277777777785,0.0039965277777777785,0.03738773148148149,143
0.027699539437890053,0.024285433813929558,0.0,0.5528345559869203,0.9054441260744985,0.861583703478644,0.4735551385359562,0.017749274149537086,0.008952823467552662,0.0,0.003327625570776256,0.003327625570776256,0.0700513698630137,144
0.029216021299362183,0.023587733507156372,0.0,0.6202674369845781,0.9025787965616046,0.882597796157828,0.48964265779810556,0.01736820675432682,0.008846960961818695,0.0,0.003996575342465754,0.003996575342465754,0.03738698630136987,145
0.02863113023340702,0.02450854517519474,0.0,0.5811376719679969,0.9226361031518625,0.8867875897680846,0.4561462763221084,0.018403690308332443,0.008682307787239552,0.0,0.0033277027027027025,0.0033277027027027025,0.07005067567567567,146
0.028981376439332962,0.02402198687195778,0.0,0.5639951334068981,0.9054441260744985,0.8792294697780166,0.4902732915157781,0.01746371202170849,0.008800715208053589,0.0,0.003996621621621622,0.003996621621621622,0.03738626126126127,147
0.026972832158207893,0.024097533896565437,0.0,0.5467759700475154,0.9054441260744985,0.8663602537681125,0.4847589728169835,0.018541522324085236,0.008767712861299515,0.0,0.003327777777777778,0.003327777777777778,0.07005,148
0.02920360304415226,0.023466600105166435,0.0,0.5691675107905475,0.9340974212034384,0.8547703333546728,0.5034521717412088,0.017115948721766472,0.008617427200078964,0.0,0.0039966666666666675,0.0039966666666666675,0.03738555555555556,149
0.025802358984947205,0.024028776213526726,0.0,0.6142216265942827,0.9169054441260746,0.8777064419489613,0.5273748209843698,0.01629573106765747,0.008862432092428207,0.0,0.0033278508771929826,0.0033278508771929826,0.07004934210526316,150
0.028786389157176018,0.02377546764910221,0.0,0.5197300319488818,0.9312320916905444,0.8536678091099926,0.45933161425772767,0.017368249595165253,0.008942856453359127,0.0,0.00399671052631579,0.00399671052631579,0.03738486842105264,151
0.026767367497086525,0.022960016503930092,0.0,0.5790349124534275,0.9255014326647565,0.8803407594408507,0.5187455049517478,0.017118658870458603,0.008791192434728146,0.0,0.0033279220779220777,0.0033279220779220777,0.0700487012987013,152
0.03029223158955574,0.02424093894660473,0.0,0.604242620168901,0.9398280802292264,0.8669592617581126,0.46463555475136653,0.017194511368870735,0.008757100440561771,0.0,0.003996753246753248,0.003996753246753248,0.037384199134199145,153
0.026846999302506447,0.02311852015554905,0.0,0.609643747496315,0.9340974212034384,0.9049027955974858,0.5240155553798315,0.01611042581498623,0.008683963678777218,0.0,0.003327991452991453,0.003327991452991453,0.07004807692307692,154
0.028635874390602112,0.02283499576151371,0.0,0.48989068112353035,0.9398280802292264,0.8630001595341151,0.49369905073539666,0.018463673070073128,0.008746879175305367,0.0,0.003996794871794873,0.003996794871794873,0.03738354700854701,155
0.025529490783810616,0.02250911481678486,0.0,0.6300319595028522,0.9283667621776505,0.9113961815354693,0.4733682249710974,0.016720855608582497,0.00859235692769289,0.0,0.0033280590717299574,0.0033280590717299574,0.07004746835443038,156
0.028068959712982178,0.022828994318842888,0.0,0.6173784078516903,0.9283667621776505,0.8821173239736584,0.4629131701002864,0.01721031591296196,0.008700797334313393,0.0,0.003996835443037976,0.003996835443037976,0.03738291139240507,157
0.02603558637201786,0.023084113374352455,0.0,0.5237621133678482,0.9312320916905444,0.867732280904182,0.4133680669261306,0.01799566112458706,0.008550921455025673,0.0,0.003328125,0.003328125,0.07004687500000001,158
0.029156802222132683,0.02296207658946514,0.0,0.5743986841820504,0.9455587392550143,0.8809507890392001,0.47560111460026067,0.01689436286687851,0.008681613951921463,0.0,0.003996875,0.003996875,0.037382291666666664,159
0.025886759161949158,0.023032665252685547,0.0,0.6086068489329056,0.9340974212034384,0.8912810356893113,0.5303529570284535,0.015433019027113914,0.008572894148528576,0.0,0.003328189300411523,0.003328189300411523,0.0700462962962963,160
0.0272611565887928,0.022723525762557983,0.0,0.5661814067059735,0.9398280802292264,0.8670089031149506,0.5070098423416357,0.01697947271168232,0.008487146347761154,0.0,0.003996913580246914,0.003996913580246914,0.03738168724279836,161
0.025608059018850327,0.022936854511499405,0.0,0.563402211786093,0.928080229226361,0.8754687809794433,0.48412952603314896,0.016637882217764854,0.008557336404919624,0.0,0.0033282520325203253,0.0033282520325203253,0.07004573170731707,162
0.027253318578004837,0.02307307720184326,0.0,0.5801296342235656,0.9197707736389685,0.8753811380424135,0.4928203446832753,0.016774259507656097,0.008883653208613396,0.0,0.003996951219512196,0.003996951219512196,0.037381097560975615,163
0.025878315791487694,0.022471703588962555,0.0,0.6215887938549987,0.9197707736389685,0.8812936014768054,0.5126842295274266,0.016206754371523857,0.008588268421590328,0.0,0.0033283132530120482,0.0033283132530120482,0.07004518072289156,164
0.027718525379896164,0.021903039887547493,0.0,0.5776494674726179,0.9169054441260746,0.8872533775651158,0.501526866964302,0.01656075194478035,0.0088128000497818,0.0,0.00399698795180723,0.00399698795180723,0.03738052208835342,165
0.025029219686985016,0.021855385974049568,0.0,0.6650834966345744,0.9226361031518625,0.9044294159707991,0.526054095878043,0.01559662539511919,0.008576927706599236,0.0,0.003328373015873016,0.003328373015873016,0.07004464285714286,166
0.026848169043660164,0.021325720474123955,0.0,0.5835803589433354,0.9226361031518625,0.8943769159906078,0.5259835027885537,0.015983760356903076,0.008865549229085445,0.0,0.0039970238095238106,0.0039970238095238106,0.037379960317460326,167
0.02507958747446537,0.02181977778673172,0.0,0.6281274571044171,0.9197707736389685,0.9070116746859724,0.4878250732506292,0.016852665692567825,0.008529845625162125,0.0,0.0033284313725490196,0.0033284313725490196,0.07004411764705883,168
0.026750730350613594,0.021716389805078506,0.0,0.6956288071402087,0.9255014326647565,0.9107101132824419,0.5125010326159949,0.01575641706585884,0.008315813727676868,0.0,0.003997058823529413,0.003997058823529413,0.0373794117647059,169
0.025336533784866333,0.02230699732899666,0.0,0.73613606391211,0.9272809530990801,0.9183535134772337,0.5577177118771647,0.014294746331870556,0.00820772536098957,0.0,0.0033284883720930236,0.0033284883720930236,0.0700436046511628,170
0.026644714176654816,0.022009393200278282,0.0,0.5698643308746049,0.9541547277936963,0.9084196457427939,0.5161253722549258,0.017014585435390472,0.008312493562698364,0.0,0.003997093023255815,0.003997093023255815,0.03737887596899225,171
0.025016875937581062,0.0229633841663599,0.0,0.6456292332706679,0.9398280802292264,0.916556197118452,0.5261616941323977,0.015775159001350403,0.008232186548411846,0.0,0.003328544061302682,0.003328544061302682,0.07004310344827587,172
0.027485555037856102,0.021868044510483742,0.0,0.5803258388317333,0.9398280802292264,0.8698925214277715,0.4187318237635226,0.0179427582770586,0.008472701534628868,0.0,0.00399712643678161,0.00399712643678161,0.03737835249042146,173
0.023636003956198692,0.021578313782811165,0.0,0.6741712926636698,0.9340974212034384,0.9226376370865677,0.5193065043850844,0.016661997884511948,0.008310878649353981,0.0,0.003328598484848485,0.003328598484848485,0.07004261363636363,174
0.027039198204874992,0.022112226113677025,0.0,0.5637655247602891,0.9255014326647565,0.8319330244936565,0.4444602717954119,0.016595114022493362,0.008341040462255478,0.0,0.003997159090909092,0.003997159090909092,0.03737784090909091,175
0.025412052869796753,0.022101160138845444,0.0,0.6577965713465689,0.9255014326647565,0.921733428001468,0.5622962926137423,0.01510835625231266,0.008202852681279182,0.0,0.0033286516853932584,0.0033286516853932584,0.07004213483146068,176
0.02585611119866371,0.021225763484835625,0.0,0.6523859813365526,0.9226361031518625,0.8887106186827295,0.5299175832857994,0.01708853989839554,0.008421126753091812,0.0,0.0039971910112359555,0.0039971910112359555,0.037377340823970054,177
0.023198245093226433,0.02105935662984848,0.0,0.6108226741303386,0.9484240687679083,0.9085857070941225,0.5309246024297809,0.015604414977133274,0.008395129814743996,0.0,0.0033287037037037035,0.0033287037037037035,0.07004166666666667,178
0.02619362808763981,0.022304590791463852,0.0,0.6120691505195461,0.9426934097421203,0.916107334838465,0.4838795618370993,0.016562797129154205,0.008363166823983192,0.0,0.003997222222222223,0.003997222222222223,0.037376851851851856,179
0.02422569878399372,0.020755913108587265,0.0,0.6270174911793409,0.9312320916905444,0.9040896147461802,0.37947476265502295,0.01872839592397213,0.0084591219201684,0.0,0.0033287545787545787,0.0033287545787545787,0.07004120879120879,180
0.02643406391143799,0.021494250744581223,0.0,0.6047098423130463,0.9369627507163324,0.8924097337421303,0.5211427388139416,0.016167927533388138,0.008444641716778278,0.0,0.003997252747252748,0.003997252747252748,0.037376373626373624,181
0.023975256830453873,0.021483497694134712,0.0,0.6561784526278714,0.9512893982808023,0.9100958807726535,0.5581088034530788,0.014320400543510914,0.008276919834315777,0.0,0.003328804347826087,0.003328804347826087,0.07004076086956522,182
0.026371557265520096,0.02131838910281658,0.0,0.5432204492876856,0.9484240687679083,0.8632461338771071,0.4695519789796444,0.016966622322797775,0.00856725126504898,0.0,0.003997282608695653,0.003997282608695653,0.037375905797101455,183
0.022975848987698555,0.021590013056993484,0.0,0.6476790935672515,0.9512893982808023,0.926562317876796,0.5568502036949365,0.014684411697089672,0.008131970651447773,0.0,0.003328853046594982,0.003328853046594982,0.07004032258064516,184
0.026980815455317497,0.021436277776956558,0.0,0.19127490536569675,0.9025787965616046,0.3286113084398621,0.11565779435167663,0.042701851576566696,0.007313319947570562,0.0,0.003997311827956989,0.003997311827956989,0.03737544802867383,185
0.023636700585484505,0.02116408385336399,0.0,0.7028653068131124,0.9369627507163324,0.9136375688009166,0.5411376643728614,0.014871579594910145,0.008294173516333103,0.0,0.0033289007092198583,0.0033289007092198583,0.07003989361702129,186
0.026923594996333122,0.02042018249630928,0.0,0.6613415531836585,0.9369627507163324,0.9111349452221975,0.5231687897901025,0.016229089349508286,0.008202547207474709,0.0,0.0039973404255319155,0.0039973404255319155,0.037375000000000005,187
0.02385113015770912,0.021688643842935562,0.0,0.6873474350433045,0.9340974212034384,0.9166841715864269,0.587426675520109,0.014248330146074295,0.007975809276103973,0.0,0.0033289473684210524,0.0033289473684210524,0.07003947368421053,188
0.025900688022375107,0.02121262066066265,0.0,0.6894124532674001,0.9340974212034384,0.9186177741659423,0.5098215741483515,0.016664564609527588,0.008351915515959263,0.0,0.003997368421052632,0.003997368421052632,0.03737456140350877,189
0.023885024711489677,0.02126338891685009,0.0,0.704564459491775,0.9398280802292264,0.9313516160962264,0.5773524742332817,0.014328810386359692,0.00826388318091631,0.0,0.0033289930555555555,0.0033289930555555555,0.0700390625,190
0.026449179276823997,0.021251823753118515,0.0,0.7260802587829458,0.9426934097421203,0.9299153366279798,0.5622034241948002,0.015246044844388962,0.008105331100523472,0.0,0.003997395833333334,0.003997395833333334,0.03737413194444446,191
0.023406144231557846,0.02073054388165474,0.0,0.6793512385610527,0.9398280802292264,0.9239643471084544,0.5647789063532827,0.014728613197803497,0.008066141046583652,0.0,0.0033290378006872855,0.0033290378006872855,0.07003865979381443,192
0.025175679475069046,0.02117530070245266,0.0,0.6575550829936795,0.9312320916905444,0.8765519232275818,0.4807264314280314,0.017823699861764908,0.008100485429167747,0.0,0.003997422680412372,0.003997422680412372,0.03737371134020619,193
0.02306143380701542,0.021042458713054657,0.0,0.6729501105016543,0.9426934097421203,0.9276861477197531,0.566332987463593,0.014650479890406132,0.008102656342089176,0.0,0.0033290816326530612,0.0033290816326530612,0.07003826530612245,194
0.02632671408355236,0.020916949957609177,0.0,0.652412488944747,0.9255014326647565,0.8980552706092733,0.5250906114126821,0.016422346234321594,0.008232811465859413,0.0,0.003997448979591837,0.003997448979591837,0.037373299319727896,195
0.023270735517144203,0.02102450467646122,0.0,0.6195497091966558,0.9312320916905444,0.8610693861297641,0.49121081195272775,0.017119551077485085,0.007933532819151878,0.0,0.0033291245791245787,0.0033291245791245787,0.07003787878787879,196
0.026878274977207184,0.02090326137840748,0.0,0.6713641400994822,0.9283667621776505,0.9067159310659768,0.5132763559768705,0.015932327136397362,0.008287819102406502,0.0,0.003997474747474748,0.003997474747474748,0.03737289562289563,197
0.023467790335416794,0.020437540486454964,0.0,0.6870761344899277,0.9455587392550143,0.9331794539217411,0.5879414238950842,0.014149370603263378,0.00799533724784851,0.0,0.003329166666666667,0.003329166666666667,0.0700375,198
0.025695625692605972,0.020534377545118332,0.0,0.5831530375530174,0.9398280802292264,0.8782927541927588,0.4711254363339398,0.016741622239351273,0.008414183743298054,0.0,0.0039975,0.0039975,0.0373725,199
