0.07833904027938843,0.034130170941352844,0.0,0.0011715092894344524,0.0028653295128939827,0.0009522470707545821,0.00017096767050941218,0.0596609003841877,0.029811229556798935,0.0,7.000000000000001e-05,7.000000000000001e-05,0.09937,0
0.06988281011581421,0.032600607722997665,0.0,0.0012584953186635618,0.0028653295128939827,0.0012089725365396478,0.00018166116979628918,0.05948392301797867,0.029621921479701996,0.0,9.000000000000002e-05,9.000000000000002e-05,0.09859000000000001,1
0.09460803866386414,0.03307896479964256,0.0,0.0012083136182815485,0.0028653295128939827,0.0013019231775758151,0.00020273609831550455,0.05927750840783119,0.029223162680864334,0.0,0.00015000000000000001,0.00015000000000000001,0.09865,2
0.09464030712842941,0.036934494972229004,0.0,0.0,0.0,0.0016153896028996049,0.00025176088568274087,0.058919817209243774,0.028428494930267334,0.0,0.00018600000000000002,0.00018600000000000002,0.097086,3
0.08998366445302963,0.03811904415488243,0.0,0.0027262825683708105,0.0057306590257879654,0.002056092397699641,0.0003224717737775182,0.0587313286960125,0.02803831361234188,0.0,0.00023,0.00023,0.09793,4
0.09790408611297607,0.041345126926898956,0.0,0.0018601205928571926,0.0028653295128939827,0.0027239975081021156,0.00041018512394792644,0.05806504562497139,0.02738187089562416,0.0,0.000282,0.000282,0.095582,5
0.09314363449811935,0.035887207835912704,0.0,0.0042140795025538535,0.0057306590257879654,0.002588679239772916,0.00043204977317001455,0.05826624482870102,0.026467951014637947,0.0,0.00031,0.00031,0.09721,6
0.06833448261022568,0.030429914593696594,0.0,0.0021891435371799305,0.0028653295128939827,0.0032136094976639423,0.0005003309351040033,0.057357121258974075,0.026085473597049713,0.0,0.0003780000000000001,0.0003780000000000001,0.09407800000000001,7
0.08706977218389511,0.03407716751098633,0.0,0.0,0.0,0.003001672649522589,0.00048358544526710663,0.05651178956031799,0.02557133510708809,0.0,0.00039000000000000005,0.00039000000000000005,0.09649,8
0.08847575634717941,0.032573625445365906,0.0,0.006237344236760125,0.0057306590257879654,0.0040648669575857645,0.0006502306188255417,0.05559588223695755,0.024661889299750328,0.0,0.0004740000000000001,0.0004740000000000001,0.092574,9
0.08787542581558228,0.029841532930731773,0.0,0.007794260700389108,0.0057306590257879654,0.004990946448753591,0.0007923916602093465,0.05479748919606209,0.0240514874458313,0.0,0.00047000000000000004,0.00047000000000000004,0.09577000000000001,10
0.08279949426651001,0.03132734075188637,0.0,0.004361749256376179,0.0028653295128939827,0.005779352341930267,0.001031849371906856,0.053744371980428696,0.02338920161128044,0.0,0.0005700000000000001,0.0005700000000000001,0.09107000000000001,11
0.07159703224897385,0.02940286323428154,0.0,0.0033456039146147116,0.0028653295128939827,0.005585366288248833,0.001060438621102036,0.053016047924757004,0.023136410862207413,0.0,0.00055,0.00055,0.09505000000000001,12
0.08785944432020187,0.031420089304447174,0.0,0.0,0.0,0.007417899602791361,0.0012701396007401306,0.05161503329873085,0.022312922403216362,0.0,0.0006660000000000001,0.0006660000000000001,0.089566,13
0.06995370984077454,0.029259219765663147,0.0,0.0050981560136745055,0.0028653295128939827,0.008053453474388631,0.001445244874457323,0.05105247348546982,0.02189025469124317,0.0,0.00063,0.00063,0.09433000000000001,14
0.0706167072057724,0.029963862150907516,0.0,0.008887484197218711,0.0028653295128939827,0.009787826975687922,0.0016744987000533386,0.05001309514045715,0.0211646631360054,0.0,0.0007620000000000001,0.0007620000000000001,0.088062,15
0.070118747651577,0.030852116644382477,0.0,0.022910135841170336,0.0057306590257879654,0.01094665539594664,0.002198159054292367,0.04887485131621361,0.020730309188365936,0.0,0.00071,0.00071,0.09361,16
0.07045701891183853,0.029261142015457153,0.0,0.011583879742755161,0.0028653295128939827,0.014698753079846475,0.0029070731973803486,0.04844758287072182,0.0201127827167511,0.0,0.0008580000000000001,0.0008580000000000001,0.08655800000000001,17
0.06940782815217972,0.02975970320403576,0.0,0.02220904699165569,0.0028653295128939827,0.01829611121246033,0.00330394648789835,0.0471605509519577,0.019884929060935974,0.0,0.00079,0.00079,0.09289,18
0.06499112397432327,0.0313948392868042,0.0,0.0,0.0,0.02050255318621751,0.004171647673817022,0.04626433551311493,0.019583089277148247,0.0,0.0009540000000000002,0.0009540000000000002,0.085054,19
0.06681309640407562,0.030118664726614952,0.0,0.006805383601581533,0.0028653295128939827,0.01758901693046145,0.0034824277280762926,0.04568401351571083,0.019375082105398178,0.0,0.0008700000000000001,0.0008700000000000001,0.09217,20
0.0647190734744072,0.03046191856265068,0.0,0.017987012987013017,0.0028653295128939827,0.029313034089532217,0.006543716661088954,0.04469996318221092,0.018761904910206795,0.0,0.0010500000000000002,0.0010500000000000002,0.08355000000000001,21
0.06563998758792877,0.02939315140247345,0.0,0.0619377162629758,0.0028653295128939827,0.04361702243332599,0.009627400481384201,0.04358397796750069,0.01850041002035141,0.0,0.0009500000000000001,0.0009500000000000001,0.09145,22
0.06727996468544006,0.029764767736196518,0.0,0.009733333333333273,0.0016733524355300755,0.04259222304824427,0.010374051431744817,0.04314255714416504,0.018255814909934998,0.0,0.001146,0.001146,0.08204600000000001,23
0.05891964212059975,0.029355451464653015,0.0,0.13192570869990228,0.011461318051575931,0.0524295338860965,0.011833726048125739,0.042999058961868286,0.017847830429673195,0.0,0.00103,0.00103,0.09073,24
0.06450265645980835,0.029070144519209862,0.0,0.14009661835748738,0.009360076408786968,0.07376888646348279,0.017341977492106628,0.042210668325424194,0.017588891088962555,0.0,0.0012420000000000003,0.0012420000000000003,0.080542,25
0.05760832875967026,0.028752073645591736,0.0,0.19360000000000002,0.011461318051575931,0.08350942785230264,0.020316622568267956,0.04158743843436241,0.017544785514473915,0.0,0.00111,0.00111,0.09001,26
0.055821068584918976,0.02901379205286503,0.0,0.324209609838385,0.04297994269340974,0.11407592490451819,0.02803847676435293,0.041197288781404495,0.017160242423415184,0.0,0.0013380000000000002,0.0013380000000000002,0.07903800000000001,27
0.05524829402565956,0.02655944786965847,0.0,0.27381361204429516,0.07449856733524356,0.10666043015872227,0.027677786904513633,0.040570225566625595,0.017112884670495987,0.0,0.00119,0.00119,0.08929000000000001,28
0.055545516312122345,0.02721131034195423,0.0,0.35666266506602645,0.08595988538681948,0.14353780749079592,0.04149376473119631,0.03967041149735451,0.016824617981910706,0.0,0.0014340000000000002,0.0014340000000000002,0.077534,29
0.05057799071073532,0.026881635189056396,0.0,0.4088870614035088,0.11174785100286533,0.159725128629958,0.048944886460587755,0.03883326053619385,0.016719676554203033,0.0,0.00127,0.00127,0.08857000000000001,30
0.052468400448560715,0.02700095996260643,0.0,0.3736246196817797,0.17478510028653296,0.1988532329080331,0.0629535377752525,0.038024384528398514,0.016492988914251328,0.0,0.0015300000000000003,0.0015300000000000003,0.07603000000000001,31
0.05171011760830879,0.02633845806121826,0.0,0.39685155865889027,0.1833810888252149,0.21371400463844054,0.0688917856404024,0.037799712270498276,0.01635984145104885,0.0,0.00135,0.00135,0.08785000000000001,32
0.05504130944609642,0.027954120188951492,0.0,0.3134171683389075,0.2693409742120344,0.21119389782413991,0.06475068082671678,0.03748335689306259,0.016016799956560135,0.0,0.0016260000000000003,0.0016260000000000003,0.07452600000000001,33
0.05385236442089081,0.02875642292201519,0.0,0.3466872888420868,0.21203438395415472,0.20457367761846376,0.0651938469374539,0.03787023201584816,0.01617993786931038,0.0,0.00143,0.00143,0.08713,34
0.05266047641634941,0.02688317932188511,0.0,0.3075035429253374,0.2888252148997133,0.23720471916414299,0.07414432108271375,0.03714323788881302,0.015753870829939842,0.0,0.0017220000000000002,0.0017220000000000002,0.073022,35
0.04778537526726723,0.02446717582643032,0.0,0.30436387174062157,0.3237822349570201,0.2495560799453173,0.08780272108059538,0.03641128167510033,0.015681389719247818,0.0,0.00151,0.00151,0.08641,36
0.0498369038105011,0.027230093255639076,0.0,0.31734879867439936,0.3868194842406877,0.2822483232897076,0.09918401716609475,0.03579302504658699,0.015504956245422363,0.0,0.0018180000000000004,0.0018180000000000004,0.07151800000000001,37
0.04450525343418121,0.026540998369455338,0.0,0.32104403672685616,0.4183381088825215,0.30554142908243614,0.11553851185858688,0.03545081615447998,0.015223992988467216,0.0,0.00159,0.00159,0.08569,38
0.04850050434470177,0.02737429179251194,0.0,0.349125398034734,0.45272206303724927,0.3366659170663392,0.12594555808396146,0.03422336280345917,0.014973235316574574,0.0,0.0019140000000000003,0.0019140000000000003,0.070014,39
0.046837713569402695,0.027435695752501488,0.0,0.3520433744767114,0.47564469914040114,0.36720010079657606,0.1346725052826932,0.03475988656282425,0.014662382192909718,0.0,0.00167,0.00167,0.08497,40
0.046424783766269684,0.024870753288269043,0.0,0.33347372643401524,0.5300859598853869,0.3686675136207166,0.13728603349315563,0.034437526017427444,0.014411980286240578,0.0,0.0020100000000000005,0.0020100000000000005,0.06851000000000002,41
0.046015821397304535,0.02867908775806427,0.0,0.3457537645930856,0.5902578796561605,0.4342708855292026,0.17244528887334618,0.03240753337740898,0.01426776684820652,0.0,0.00175,0.00175,0.08425,42
0.044708844274282455,0.02703404799103737,0.0,0.3183661857346068,0.6074498567335244,0.4220798330032097,0.15897383900934242,0.03192169964313507,0.014154859818518162,0.0,0.0021060000000000002,0.0021060000000000002,0.06700600000000001,43
0.04562471807003021,0.027646183967590332,0.0,0.3807060861736159,0.5902578796561605,0.4684648576991782,0.17893528011750134,0.032477930188179016,0.014066959731280804,0.0,0.0018300000000000002,0.0018300000000000002,0.08353000000000001,44
0.04365101084113121,0.026969512924551964,0.0,0.36641495981332645,0.6389684813753582,0.4912604695370872,0.1992156154785612,0.03079695627093315,0.013927007094025612,0.0,0.0022020000000000004,0.0022020000000000004,0.065502,45
0.04325326532125473,0.026951678097248077,0.0,0.33101881665647714,0.664756446991404,0.509769625446301,0.2062355414489864,0.03151717782020569,0.013481974601745605,0.0,0.0019100000000000002,0.0019100000000000002,0.08281000000000001,46
0.04009409248828888,0.028494887053966522,0.0,0.3270795618023055,0.6876790830945558,0.5145935235301157,0.19751068695432641,0.030011558905243874,0.01346156932413578,0.0,0.0022980000000000006,0.0022980000000000006,0.063998,47
0.04269201681017876,0.02603353187441826,0.0,0.2679078526467857,0.6762177650429799,0.4442624769726563,0.16965482959798803,0.03136702999472618,0.013421077281236649,0.0,0.00199,0.00199,0.08209,48
0.04111310839653015,0.02741135284304619,0.0,0.3077315537794504,0.6934097421203438,0.5324164883145386,0.18963730625566244,0.02915581315755844,0.013294415548443794,0.0,0.0023940000000000003,0.0023940000000000003,0.06249400000000001,49
0.04067142307758331,0.027233202010393143,0.0,0.31321341027967037,0.7077363896848138,0.5765958168599242,0.2310747862589157,0.02868782728910446,0.013141886331140995,0.0,0.0020700000000000002,0.0020700000000000002,0.08137,50
0.03920040279626846,0.02483212575316429,0.0,0.2739810535855378,0.7335243553008596,0.4664709562169419,0.1880148997642893,0.030450738966464996,0.013196270912885666,0.0,0.0024900000000000005,0.0024900000000000005,0.06099000000000001,51
0.037864986807107925,0.023122284561395645,0.0,0.30737214102287186,0.7191977077363897,0.5741325242194055,0.2272967355817559,0.028154099360108376,0.013135234825313091,0.0,0.00215,0.00215,0.08065,52
0.0420171283185482,0.02477838099002838,0.0,0.311414746148234,0.7707736389684814,0.6091247716497802,0.24690520834883464,0.027854010462760925,0.012930602766573429,0.0,0.0025860000000000006,0.0025860000000000006,0.05948600000000001,53
0.036148831248283386,0.02469537779688835,0.0,0.33111763096574565,0.7564469914040115,0.6014119084474908,0.2661719948313986,0.027864869683980942,0.012727576307952404,0.0,0.00223,0.00223,0.07993,54
0.038276251405477524,0.02506435289978981,0.0,0.32626891438436434,0.7822349570200573,0.6162157287137221,0.24131392401596008,0.026728738099336624,0.01259101927280426,0.0,0.0026820000000000004,0.0026820000000000004,0.057982000000000006,55
0.03759739175438881,0.023552395403385162,0.0,0.3365045906380469,0.7702005730659025,0.6384381011842118,0.2879621200577149,0.026297317817807198,0.012848366983234882,0.0,0.00231,0.00231,0.07921,56
0.036951497197151184,0.025064941495656967,0.0,0.2847039892814541,0.7535816618911175,0.5535585041461009,0.234150496445165,0.02778375893831253,0.012766443192958832,0.0,0.0027780000000000005,0.0027780000000000005,0.05647800000000001,57
0.0375882126390934,0.023182600736618042,0.0,0.32478146677894065,0.7593123209169055,0.5973417895426811,0.27587266171227987,0.026654072105884552,0.01260296069085598,0.0,0.00239,0.00239,0.07849,58
0.03824462741613388,0.02390039712190628,0.0,0.2698605876765634,0.7650429799426934,0.5624143067782986,0.2450458509654782,0.027549922466278076,0.012479891069233418,0.0,0.0028740000000000007,0.0028740000000000007,0.05497400000000001,59
0.03326448053121567,0.024000177159905434,0.0,0.30444175007739144,0.7679083094555874,0.5995954426607365,0.21090005312824198,0.027187645435333252,0.01242851372808218,0.0,0.0024700000000000004,0.0024700000000000004,0.07777,60
0.037818510085344315,0.02622409537434578,0.0,0.29111025968682586,0.7994269340974212,0.5266213745260103,0.2393717432281269,0.02679511345922947,0.012276138179004192,0.0,0.0029700000000000004,0.0029700000000000004,0.05347000000000001,61
0.0342453271150589,0.02513471432030201,0.0,0.322453674357349,0.7707736389684814,0.5999714590046571,0.2826837832773918,0.02664283476769924,0.012238061055541039,0.0,0.00255,0.00255,0.07705000000000001,62
0.03357482701539993,0.025492718443274498,0.0,0.2899080336463272,0.8194842406876791,0.6560721757145143,0.2913821826899713,0.02464762143790722,0.012439686805009842,0.0,0.0030660000000000006,0.0030660000000000006,0.051966000000000005,63
0.03392032906413078,0.024620255455374718,0.0,0.3553776595744681,0.8137535816618912,0.6843804542665138,0.2947857591546058,0.02470104582607746,0.012403085827827454,0.0,0.0026300000000000004,0.0026300000000000004,0.07633000000000001,64
0.03370426595211029,0.02263595350086689,0.0,0.34736064385420345,0.7994269340974212,0.6472297145208344,0.3000515432546981,0.024376988410949707,0.01225062645971775,0.0,0.0031620000000000003,0.0031620000000000003,0.05046200000000001,65
0.03360811993479729,0.024022765457630157,0.0,0.358773362050997,0.7994269340974212,0.6667653004104716,0.3081101926950933,0.024746788665652275,0.011920735239982605,0.0,0.00271,0.00271,0.07561000000000001,66
0.03275797516107559,0.024861717596650124,0.0,0.33104095437817727,0.8137535816618912,0.6645791273511491,0.3104719349704709,0.02351703867316246,0.011999675072729588,0.0,0.0032580000000000005,0.0032580000000000005,0.04895800000000001,67
0.03398613631725311,0.02410750836133957,0.0,0.3358743402009195,0.8080229226361032,0.6304000703567972,0.26719201817368826,0.0240849107503891,0.011745637282729149,0.0,0.0027900000000000004,0.0027900000000000004,0.07489000000000001,68
0.031504370272159576,0.022574637085199356,0.0,0.3344098276577904,0.8223495702005731,0.6794413768359515,0.3056010919127848,0.022893359884619713,0.011822572909295559,0.0,0.0033540000000000006,0.0033540000000000006,0.04745400000000001,69
0.03280194476246834,0.024240778759121895,0.0,0.3365528862340658,0.8008914358484558,0.637466119665643,0.28427636283713914,0.023697935044765472,0.01168766524642706,0.0,0.00287,0.00287,0.07417,70
0.03145026043057442,0.02338401973247528,0.0,0.3113781602734915,0.836676217765043,0.6531938563121721,0.2404189968405666,0.02367689087986946,0.011679067276418209,0.0,0.0034500000000000004,0.0034500000000000004,0.04595000000000001,71
0.031515318900346756,0.02522503025829792,0.0,0.27900074539147385,0.8448901623686723,0.6113749160521884,0.27925125093192305,0.02444600686430931,0.011802476830780506,0.0,0.0029500000000000004,0.0029500000000000004,0.07345,72
0.03342273086309433,0.02480895444750786,0.0,0.3190783124986188,0.8252148997134671,0.6518525509464452,0.30837451768399293,0.022341288626194,0.011580228805541992,0.0,0.0035460000000000005,0.0035460000000000005,0.044446000000000006,73
0.030302414670586586,0.021617896854877472,0.0,0.27274396844387694,0.8538681948424068,0.521730354547272,0.24071081703308073,0.025857143104076385,0.011153295636177063,0.0,0.00303,0.00303,0.07273,74
0.030663765966892242,0.021472422406077385,0.0,0.3480085823252679,0.839541547277937,0.693562931651839,0.3342902851319627,0.022516733035445213,0.011409499682486057,0.0,0.0036420000000000007,0.0036420000000000007,0.04294200000000001,75
0.030183181166648865,0.02258347161114216,0.0,0.3289621741058344,0.8424068767908309,0.6620350213747324,0.30856484214350477,0.023542620241642,0.011264283210039139,0.0,0.0031100000000000004,0.0031100000000000004,0.07201,76
0.02898305281996727,0.023877395316958427,0.0,0.365754890241591,0.8624641833810889,0.7078227992603398,0.33925326843713516,0.02156505547463894,0.011333586648106575,0.0,0.0037380000000000004,0.0037380000000000004,0.04143800000000001,77
0.03028167225420475,0.022342504933476448,0.0,0.3059049798928679,0.8223495702005731,0.6726251650492954,0.23674124022682333,0.023942388594150543,0.011503503657877445,0.0,0.00319,0.00319,0.07129,78
0.030212972313165665,0.02193371020257473,0.0,0.31084634883155665,0.828080229226361,0.6526881533381683,0.30652567118892643,0.022958341985940933,0.011498041450977325,0.0,0.0038340000000000006,0.0038340000000000006,0.03993400000000001,79
0.02975347451865673,0.022317886352539062,0.0,0.33195678708713633,0.8137535816618912,0.623117065559687,0.300339143494082,0.022975588217377663,0.011442948132753372,0.0,0.0032700000000000003,0.0032700000000000003,0.07057000000000001,80
0.030055591836571693,0.021707406267523766,0.0,0.37813659671392935,0.8510028653295129,0.7357137318494226,0.3524713250722564,0.02109549567103386,0.011303754523396492,0.0,0.00393,0.00393,0.038430000000000006,81
0.029764462262392044,0.02340269275009632,0.0,0.33038239889220916,0.8340974212034383,0.6872118224496262,0.3548658699618613,0.021774765104055405,0.01120008435100317,0.0,0.0033234126984126983,0.0033234126984126983,0.07008928571428572,82
0.030502717941999435,0.022541921585798264,0.0,0.3717839419773508,0.8653295128939829,0.7182018744835266,0.3642750416787986,0.02096724696457386,0.011111490428447723,0.0,0.00399404761904762,0.00399404761904762,0.03742658730158731,83
0.02864231914281845,0.02121157757937908,0.0,0.3375506973020479,0.8452722063037249,0.6606453795677354,0.3276933406262841,0.022253550589084625,0.011297465302050114,0.0,0.0033236434108527132,0.0033236434108527132,0.07008720930232558,84
0.03164341300725937,0.022586505860090256,0.0,0.2927641830751863,0.8567335243553008,0.6206157420539878,0.3189734039982882,0.022861171513795853,0.010784775950014591,0.0,0.003994186046511629,0.003994186046511629,0.03742441860465116,85
0.027972785755991936,0.02084844745695591,0.0,0.31423833882434543,0.8538681948424068,0.6266110535191921,0.2758065155242824,0.023985927924513817,0.010857399553060532,0.0,0.0033238636363636365,0.0033238636363636365,0.07008522727272727,86
0.030082931742072105,0.020940953865647316,0.0,0.37625741719710865,0.8681948424068768,0.7284486150476677,0.3599832141468603,0.021213838830590248,0.010762320831418037,0.0,0.003994318181818183,0.003994318181818183,0.03742234848484849,87
0.029162876307964325,0.022259993478655815,0.0,0.3776129276312599,0.8510028653295129,0.6850189718603352,0.3418526750646521,0.020850425586104393,0.01075705885887146,0.0,0.003324074074074074,0.003324074074074074,0.07008333333333333,88
0.029778961092233658,0.021450357511639595,0.0,0.3776129276312599,0.8510028653295129,0.6850189718603352,0.3418526750646521,0.020850425586104393,0.01075705885887146,0.0,0.003994444444444445,0.003994444444444445,0.03742037037037037,89
0.02863907814025879,0.02090577408671379,0.0,0.39896135527170384,0.8510028653295129,0.6392590475098,0.25602137569252925,0.021536607295274734,0.01099028903990984,0.0,0.0033242753623188405,0.0033242753623188405,0.07008152173913043,90
0.028540384024381638,0.020681703463196754,0.0,0.3513263123697106,0.8653295128939829,0.6899500180025946,0.33003901856551626,0.022094201296567917,0.010759962722659111,0.0,0.003994565217391305,0.003994565217391305,0.03741847826086957,91
0.027897929772734642,0.020929530262947083,0.0,0.41546484013311585,0.8553581661891116,0.7374990420098725,0.3662837928219074,0.020469404757022858,0.010629029013216496,0.0,0.003324468085106383,0.003324468085106383,0.07007978723404255,92
0.02640959434211254,0.020310986787080765,0.0,0.4259264866805499,0.8710601719197708,0.759243935136358,0.3577856000993707,0.02064209058880806,0.010588232427835464,0.0,0.003994680851063831,0.003994680851063831,0.03741666666666667,93
0.02880021184682846,0.02057497948408127,0.0,0.3753621899428564,0.8538681948424068,0.6280487576170085,0.23444016738434828,0.022369109094142914,0.01083847600966692,0.0,0.003324652777777778,0.003324652777777778,0.07007812499999999,94
0.02972242794930935,0.02213137224316597,0.0,0.3465462034181738,0.8567335243553008,0.6721385838840325,0.25365041944167216,0.02343391813337803,0.010647891089320183,0.0,0.003994791666666667,0.003994791666666667,0.03741493055555556,95
0.025459405034780502,0.01970999501645565,0.0,0.4375426510669961,0.8739255014326648,0.7355913714943326,0.30380480037041246,0.020283292979002,0.010850253514945507,0.0,0.003324829931972789,0.003324829931972789,0.07007653061224489,96
0.02849460393190384,0.01994798146188259,0.0,0.39997113997114,0.8653295128939829,0.6986017615191185,0.27838721154717144,0.020974932238459587,0.010607750155031681,0.0,0.003994897959183674,0.003994897959183674,0.03741326530612245,97
0.02659481205046177,0.020408622920513153,0.0,0.38000376256833823,0.8853868194842407,0.7291435220494822,0.36978418684168457,0.020556503906846046,0.01063504908233881,0.0,0.0033250000000000003,0.0033250000000000003,0.070075,98
0.027144882827997208,0.019754856824874878,0.0,0.4197840026740331,0.8681948424068768,0.7251580279653154,0.3889020769647619,0.018821831792593002,0.010488958097994328,0.0,0.003995,0.003995,0.037411666666666676,99
0.026402484625577927,0.02078237757086754,0.0,0.38310300901352995,0.8653295128939829,0.7487843237634064,0.4054829708022229,0.019309479743242264,0.01067925151437521,0.0,0.003325163398692811,0.003325163398692811,0.0700735294117647,100
0.02679530344903469,0.019150003790855408,0.0,0.39775702016264924,0.8739255014326648,0.7124982886732252,0.2839905394874332,0.023290500044822693,0.010302667506039143,0.0,0.003995098039215687,0.003995098039215687,0.03741013071895426,101
0.02584405057132244,0.019145404919981956,0.0,0.42929306459492256,0.8767908309455588,0.7490670751896983,0.3202610173628973,0.02068895474076271,0.010609228163957596,0.0,0.0033253205128205127,0.0033253205128205127,0.07007211538461539,102
0.0268810223788023,0.019153034314513206,0.0,0.4164323210712942,0.8481375358166189,0.6740206930490825,0.30607876227001085,0.020976299419999123,0.010846700519323349,0.0,0.003995192307692308,0.003995192307692308,0.03740865384615384,103
0.025134149938821793,0.020369773730635643,0.0,0.4056960381034856,0.8653295128939829,0.7462825257266377,0.3552745819277234,0.020064443349838257,0.010612690821290016,0.0,0.0033254716981132074,0.0033254716981132074,0.07007075471698114,104
0.026124918833374977,0.019457194954156876,0.0,0.4476868266436139,0.8452722063037249,0.7398521005274064,0.4004139214978837,0.019235854968428612,0.010485363192856312,0.0,0.003995283018867925,0.003995283018867925,0.03740723270440252,105
0.027268460020422935,0.02000017836689949,0.0,0.4141588394322855,0.8424068767908309,0.6881768461253812,0.3189461056534279,0.020731713622808456,0.010480583645403385,0.0,0.0033256172839506173,0.0033256172839506173,0.07006944444444445,106
0.0268107783049345,0.01954871229827404,0.0,0.40311804718642813,0.8510028653295129,0.6899984342898928,0.34469700357473193,0.020702892914414406,0.01045127585530281,0.0,0.003995370370370371,0.003995370370370371,0.037405864197530864,107
0.02510177344083786,0.019544774666428566,0.0,0.3749378111384056,0.8624641833810889,0.7077573716671541,0.34853334996820845,0.020324885845184326,0.010384062305092812,0.0,0.0033257575757575757,0.0033257575757575757,0.07006818181818182,108
0.026398716494441032,0.0197746641933918,0.0,0.4491503508619943,0.8739255014326648,0.7614290445092972,0.36777013156838834,0.019593998789787292,0.010346483439207077,0.0,0.003995454545454546,0.003995454545454546,0.037404545454545454,109
0.025371599942445755,0.019168121740221977,0.0,0.3822572941129642,0.8510028653295129,0.7063581165112408,0.35797455118434873,0.02028256468474865,0.010461561381816864,0.0,0.003325892857142857,0.003325892857142857,0.0700669642857143,110
0.044440533965826035,0.016240794211626053,0.0,0.23676107189018666,0.48424068767908307,0.37575638931231503,0.17130285305978332,0.048806529492139816,0.007012984715402126,0.0,0.0039955357142857145,0.0039955357142857145,0.03740327380952381,111
0.02481233701109886,0.019270149990916252,0.0,0.3855943987941849,0.8681948424068768,0.7438537061402646,0.3348463044221059,0.021224819123744965,0.010376899503171444,0.0,0.0033260233918128656,0.0033260233918128656,0.0700657894736842,112
0.02532035857439041,0.01866350881755352,0.0,0.41302912205894715,0.8567335243553008,0.728788859666123,0.3829446903977774,0.019322942942380905,0.010307582095265388,0.0,0.00399561403508772,0.00399561403508772,0.03740204678362573,113
0.02410326711833477,0.018115345388650894,0.0,0.39353677748804866,0.8653295128939829,0.6614559870561906,0.28850341466243173,0.021100152283906937,0.010016266256570816,0.0,0.003326149425287356,0.003326149425287356,0.0700646551724138,114
0.024734213948249817,0.01979769580066204,0.0,0.44228673314950345,0.8796561604584527,0.7782541922910281,0.41357192609630217,0.017735743895173073,0.010288894176483154,0.0,0.003995689655172415,0.003995689655172415,0.03740086206896552,115
0.023652905598282814,0.01870434358716011,0.0,0.48441815623534323,0.8595988538681948,0.7499364978444136,0.39108899612430215,0.018868979066610336,0.010143115185201168,0.0,0.003326271186440678,0.003326271186440678,0.0700635593220339,116
0.026065591722726822,0.0183781199157238,0.0,0.4157668599773863,0.8825214899713467,0.7154533839591698,0.3569592891115311,0.01961268112063408,0.010328139178454876,0.0,0.003995762711864408,0.003995762711864408,0.0373997175141243,117
0.024145448580384254,0.01895355060696602,0.0,0.42347522887882005,0.8587074180197388,0.7198022847906377,0.342815671169333,0.019635090604424477,0.010329009965062141,0.0,0.003326388888888889,0.003326388888888889,0.0700625,118
0.02483873814344406,0.017873995006084442,0.0,0.37376992549888116,0.8767908309455588,0.6572248532417314,0.2957924311614843,0.019714245572686195,0.010423477739095688,0.0,0.003995833333333335,0.003995833333333335,0.03739861111111112,119
0.024272415786981583,0.02010417729616165,0.0,0.42347223973437564,0.8739255014326648,0.7362878366658595,0.35031984691493856,0.01936706155538559,0.010289637371897697,0.0,0.003326502732240437,0.003326502732240437,0.07006147540983607,120
0.024165688082575798,0.01821334846317768,0.0,0.3977321574958548,0.8911174785100286,0.7529511819244565,0.4041776487771431,0.01780797727406025,0.010339424945414066,0.0,0.003995901639344263,0.003995901639344263,0.037397540983606564,121
0.022759506478905678,0.01923508569598198,0.0,0.33358848622573056,0.8882521489971347,0.6174938037848757,0.2863255386046688,0.020682860165834427,0.010178458876907825,0.0,0.0033266129032258063,0.0033266129032258063,0.07006048387096775,122
0.02514670602977276,0.019485769793391228,0.0,0.40229591377728197,0.8595988538681948,0.6289934472747182,0.3226545066058212,0.01961800828576088,0.010082274675369263,0.0,0.003995967741935485,0.003995967741935485,0.03739650537634409,123
0.02247016876935959,0.01879231259226799,0.0,0.4290619251992643,0.8595988538681948,0.7220190429786028,0.39481920716600555,0.018031582236289978,0.010278294794261456,0.0,0.0033267195767195767,0.0033267195767195767,0.07005952380952381,124
0.025009894743561745,0.01776260696351528,0.0,0.46692109854598307,0.8653295128939829,0.7659060209160906,0.34252589984967713,0.02087308280169964,0.010046987794339657,0.0,0.0039960317460317465,0.0039960317460317465,0.03739550264550266,125
0.022604815661907196,0.018255941569805145,0.0,0.43167781498740393,0.836676217765043,0.705166686347741,0.36121511466535533,0.01903984136879444,0.01041828840970993,0.0,0.0033268229166666667,0.0033268229166666667,0.07005859375000001,126
0.04467783495783806,0.0164724700152874,0.0,0.31998776522103095,0.18624641833810887,0.20959601317595977,0.08381410160695243,0.04213648661971092,0.010526159778237343,0.0,0.003996093750000001,0.003996093750000001,0.037394531250000015,127
0.02119707129895687,0.017388803884387016,0.0,0.44853717361669404,0.8623004502660663,0.7121822305333319,0.33858156076996043,0.020423974841833115,0.010090868920087814,0.0,0.003326923076923077,0.003326923076923077,0.0700576923076923,128
0.02474663220345974,0.01764536276459694,0.0,0.4300121918800246,0.8796561604584527,0.7368395697224916,0.4072932518874525,0.01899271458387375,0.009991565719246864,0.0,0.003996153846153847,0.003996153846153847,0.03739358974358975,129
0.021462146192789078,0.01759149692952633,0.0,0.42538273949288496,0.8681948424068768,0.7622315089561099,0.44074208841943097,0.017711060121655464,0.010199516080319881,0.0,0.003327020202020202,0.003327020202020202,0.07005681818181819,130
0.024253347888588905,0.018551405519247055,0.0,0.45415001665001664,0.8739255014326648,0.7604212481720019,0.41822644663298,0.017825283110141754,0.010286463424563408,0.0,0.003996212121212122,0.003996212121212122,0.03739267676767677,131
0.022599149495363235,0.018425868824124336,0.0,0.4513371054352247,0.8653295128939829,0.7622571979998323,0.42523001772224084,0.017258349806070328,0.010255230590701103,0.0,0.0033271144278606965,0.0033271144278606965,0.07005597014925373,132
0.02371363528072834,0.017924178391695023,0.0,0.4323402948402949,0.8710601719197708,0.7419323062444619,0.4066716495361439,0.01813414879143238,0.0098735261708498,0.0,0.003996268656716418,0.003996268656716418,0.03739179104477612,133
0.02158541791141033,0.017702152952551842,0.0,0.46558801234141023,0.8739255014326648,0.7800706318688587,0.4421242501574795,0.017487121745944023,0.010044610127806664,0.0,0.003327205882352941,0.003327205882352941,0.07005514705882353,134
0.023214323446154594,0.018275048583745956,0.0,0.40257032091172096,0.8796561604584527,0.7386658200838577,0.400844814658395,0.018604133278131485,0.01000417023897171,0.0,0.003996323529411766,0.003996323529411766,0.03739093137254902,135
0.02141301892697811,0.01801823452115059,0.0,0.41252771956563156,0.8567335243553008,0.7262493075526661,0.38841390149447486,0.018178215250372887,0.010285943746566772,0.0,0.003327294685990338,0.003327294685990338,0.07005434782608697,136
0.02331809513270855,0.01815350353717804,0.0,0.4011656868855313,0.8853868194842407,0.7433572550611395,0.41387055516082166,0.01850857213139534,0.010016336105763912,0.0,0.003996376811594204,0.003996376811594204,0.03739009661835749,137
0.02134188450872898,0.017794182524085045,0.0,0.43540914396177555,0.8767908309455588,0.7290265907803939,0.3719311473616414,0.0189273189753294,0.009795665740966797,0.0,0.0033273809523809523,0.0033273809523809523,0.07005357142857144,138
0.023476557806134224,0.018166931346058846,0.0,0.453635260035867,0.8567335243553008,0.7609449548781023,0.3884039152688163,0.018346911296248436,0.010220312513411045,0.0,0.003996428571428573,0.003996428571428573,0.03738928571428572,139
0.020943567156791687,0.017544768750667572,0.0,0.4356148359486448,0.8739255014326648,0.7529206708614677,0.40905755113978143,0.018937529996037483,0.00987226888537407,0.0,0.0033274647887323945,0.0033274647887323945,0.07005281690140845,140
0.022822916507720947,0.017760194838047028,0.0,0.45310127349909035,0.8825214899713467,0.7546090362998288,0.4162953034350729,0.018701154738664627,0.00993115920573473,0.0,0.003996478873239437,0.003996478873239437,0.03738849765258216,141
0.020742395892739296,0.01644241251051426,0.0,0.4845958348767338,0.8653295128939829,0.7982478857413785,0.4437698543762762,0.0187633465975523,0.009541196748614311,0.0,0.0033275462962962963,0.0033275462962962963,0.07005208333333333,142
0.03141907602548599,0.016785405576229095,0.0,0.33009279852749446,0.836676217765043,0.5673689604433914,0.2846632988105048,0.028624290600419044,0.009333147667348385,0.0,0.0039965277777777785,0.0039965277777777785,0.03738773148148149,143
0.02148984745144844,0.01775646023452282,0.0,0.5209316532648591,0.8767908309455588,0.8062359113695577,0.46976230020570575,0.01714950054883957,0.009709079749882221,0.0,0.003327625570776256,0.003327625570776256,0.0700513698630137,144
0.022601371631026268,0.016497166827321053,0.0,0.37132863610139255,0.8911174785100286,0.6689998585122539,0.35449281166148977,0.019485866650938988,0.009609361179172993,0.0,0.003996575342465754,0.003996575342465754,0.03738698630136987,145
0.0212398748844862,0.01742856577038765,0.0,0.48574946538877756,0.8653295128939829,0.778365647308756,0.4196004180019526,0.01807299628853798,0.00972878560423851,0.0,0.0033277027027027025,0.0033277027027027025,0.07005067567567567,146
0.022753462195396423,0.018189415335655212,0.0,0.4515815963325836,0.8911174785100286,0.7770048130866164,0.39700148639077437,0.018899450078606606,0.00983157567679882,0.0,0.003996621621621622,0.003996621621621622,0.03738626126126127,147
0.02062408998608589,0.01671426370739937,0.0,0.48579272442832616,0.8739255014326648,0.7702153316257973,0.42406184438060635,0.01768070086836815,0.009876983240246773,0.0,0.003327777777777778,0.003327777777777778,0.07005,148
0.024363022297620773,0.0177619531750679,0.0,0.42590686682037115,0.8882521489971347,0.7527233937458647,0.4144426180328004,0.018192477524280548,0.00966354738920927,0.0,0.0039966666666666675,0.0039966666666666675,0.03738555555555556,149
0.02000034786760807,0.017013132572174072,0.0,0.4409255248071038,0.8882521489971347,0.7915852070385663,0.45155405308279456,0.016936348751187325,0.0098696518689394,0.0,0.0033278508771929826,0.0033278508771929826,0.07004934210526316,150
0.02348596416413784,0.01793614774942398,0.0,0.4463102949418067,0.8681948424068768,0.7258087876327091,0.391892069624222,0.018510278314352036,0.009865690022706985,0.0,0.00399671052631579,0.00399671052631579,0.03738486842105264,151
0.01987815648317337,0.015907347202301025,0.0,0.4943571302394832,0.8911174785100286,0.801914688483096,0.45500828313005365,0.0171252079308033,0.00957243237644434,0.0,0.0033279220779220777,0.0033279220779220777,0.0700487012987013,152
0.022943846881389618,0.01661602593958378,0.0,0.49803228853230663,0.8882521489971347,0.8216453424179991,0.4185040207478349,0.01884063147008419,0.009520847350358963,0.0,0.003996753246753248,0.003996753246753248,0.037384199134199145,153
0.020889224484562874,0.016552556306123734,0.0,0.46379940149205506,0.8681948424068768,0.7704749108526048,0.43270786551782947,0.017904365435242653,0.009568397887051105,0.0,0.003327991452991453,0.003327991452991453,0.07004807692307692,154
0.022596819326281548,0.01666390895843506,0.0,0.5160631253464019,0.8653295128939829,0.7955322797521581,0.4424227066969294,0.018270891159772873,0.009678244590759277,0.0,0.003996794871794873,0.003996794871794873,0.03738354700854701,155
0.020367499440908432,0.016257302835583687,0.0,0.5098266700619641,0.8681948424068768,0.8038089906509738,0.45141266160185944,0.017714357003569603,0.009640214033424854,0.0,0.0033280590717299574,0.0033280590717299574,0.07004746835443038,156
0.02306201308965683,0.017094293609261513,0.0,0.4270389583482744,0.8670487106017192,0.7385117416171981,0.3819593913387095,0.01822143793106079,0.010213601402938366,0.0,0.003996835443037976,0.003996835443037976,0.03738291139240507,157
0.02117506042122841,0.016901683062314987,0.0,0.5046792769157484,0.8933576452201094,0.7966126727366144,0.43532908951649285,0.017237810418009758,0.009608960710465908,0.0,0.003328125,0.003328125,0.07004687500000001,158
0.029443198814988136,0.016195615753531456,0.0,0.36057657253428305,0.8725246736708054,0.6575653947084775,0.35764817353077605,0.02645265683531761,0.009011671878397465,0.0,0.003996875,0.003996875,0.037382291666666664,159
0.02008957415819168,0.017050370573997498,0.0,0.43066494771522706,0.8825214899713467,0.7940726656823328,0.4672297018357388,0.01689102314412594,0.009600182995200157,0.0,0.003328189300411523,0.003328189300411523,0.0700462962962963,160
0.02171976864337921,0.017101913690567017,0.0,0.4784164195700519,0.8767908309455588,0.7403252646506044,0.3842221575673419,0.018242141231894493,0.009656044654548168,0.0,0.003996913580246914,0.003996913580246914,0.03738168724279836,161
0.019285261631011963,0.016240039840340614,0.0,0.4841460276890309,0.8681948424068768,0.7852834301140064,0.4427712513400321,0.017956135794520378,0.009932034648954868,0.0,0.0033282520325203253,0.0033282520325203253,0.07004573170731707,162
0.022897422313690186,0.0166598092764616,0.0,0.44714513392467287,0.8882521489971347,0.7686304323124274,0.42111046651449413,0.017621060833334923,0.009677278809249401,0.0,0.003996951219512196,0.003996951219512196,0.037381097560975615,163
0.020606644451618195,0.017034268006682396,0.0,0.42535162750469935,0.8939828080229226,0.7506658666721114,0.38788316869293793,0.017953477799892426,0.009864977560937405,0.0,0.0033283132530120482,0.0033283132530120482,0.07004518072289156,164
0.02109307423233986,0.016311096027493477,0.0,0.5350140056022409,0.8595988538681948,0.77382883607957,0.42880243199779783,0.017804816365242004,0.009849189780652523,0.0,0.00399698795180723,0.00399698795180723,0.03738052208835342,165
0.020053384825587273,0.016529809683561325,0.0,0.47568640211311075,0.8812607449856733,0.7980963151262978,0.45686203556424376,0.0172775536775589,0.009514715522527695,0.0,0.003328373015873016,0.003328373015873016,0.07004464285714286,166
0.02031703293323517,0.015833299607038498,0.0,0.5305923236133394,0.8681948424068768,0.7920659085615359,0.44030849188912785,0.01796305924654007,0.00945175252854824,0.0,0.0039970238095238106,0.0039970238095238106,0.037379960317460326,167
0.01985212042927742,0.015965567901730537,0.0,0.48872339743589743,0.8739255014326648,0.7653213827232959,0.38488957289110176,0.02035815268754959,0.009435819461941719,0.0,0.0033284313725490196,0.0033284313725490196,0.07004411764705883,168
0.02164238691329956,0.016068972647190094,0.0,0.48199925010398614,0.9011721802552748,0.7965302028685317,0.4458498606140404,0.018218159675598145,0.009339440613985062,0.0,0.003997058823529413,0.003997058823529413,0.0373794117647059,169
0.019668137654662132,0.01586158759891987,0.0,0.5228983985297979,0.8767908309455588,0.8007020322591701,0.45810156996584145,0.016549892723560333,0.009572599083185196,0.0,0.0033284883720930236,0.0033284883720930236,0.0700436046511628,170
0.021135076880455017,0.016299385577440262,0.0,0.5427018739168695,0.8767908309455588,0.8072416888491302,0.45343164431477695,0.01748817041516304,0.009582038968801498,0.0,0.003997093023255815,0.003997093023255815,0.03737887596899225,171
0.01873965933918953,0.01644742116332054,0.0,0.5253575910936317,0.8911174785100286,0.8351956538684716,0.4926328872583673,0.016275733709335327,0.009341718629002571,0.0,0.003328544061302682,0.003328544061302682,0.07004310344827587,172
0.02198939584195614,0.016500970348715782,0.0,0.5027981540339725,0.8882521489971347,0.793169855562629,0.3804981183277077,0.01918058469891548,0.00930293183773756,0.0,0.00399712643678161,0.00399712643678161,0.03737835249042146,173
0.019238295033574104,0.01632504351437092,0.0,0.46096205968252807,0.8739255014326648,0.7815091655667186,0.41486876894741387,0.018826903775334358,0.009669301100075245,0.0,0.003328598484848485,0.003328598484848485,0.07004261363636363,174
0.021649612113833427,0.016535654664039612,0.0,0.4517365502902192,0.8796561604584527,0.7447169935990899,0.41489227415945384,0.019666211679577827,0.009277545846998692,0.0,0.003997159090909092,0.003997159090909092,0.03737784090909091,175
0.018845131620764732,0.015852579846978188,0.0,0.523197109180074,0.8853868194842407,0.8130373852581445,0.4782481673557434,0.016029831022024155,0.009669622406363487,0.0,0.0033286516853932584,0.0033286516853932584,0.07004213483146068,176
0.021702198311686516,0.01617565006017685,0.0,0.42517815821885263,0.8997134670487106,0.7156635674717241,0.33654343003668885,0.019697217270731926,0.009712418541312218,0.0,0.0039971910112359555,0.0039971910112359555,0.037377340823970054,177
0.018172314390540123,0.015801236033439636,0.0,0.5477216447102935,0.8882521489971347,0.8418756480079499,0.5178266425119789,0.015739208087325096,0.009403238072991371,0.0,0.0033287037037037035,0.0033287037037037035,0.07004166666666667,178
0.020803289487957954,0.01574794389307499,0.0,0.4851548487104917,0.9083094555873925,0.7992936153425793,0.43934830369008954,0.017175430431962013,0.009454455226659775,0.0,0.003997222222222223,0.003997222222222223,0.037376851851851856,179
0.019334590062499046,0.015374892391264439,0.0,0.5622329186284052,0.8882521489971347,0.830101018973768,0.46487749994995803,0.017271338030695915,0.009247563779354095,0.0,0.0033287545787545787,0.0033287545787545787,0.07004120879120879,180
0.021628109738230705,0.015486420132219791,0.0,0.5356808875112162,0.8825214899713467,0.8166639548487274,0.4701572616815473,0.017626315355300903,0.009213287383317947,0.0,0.003997252747252748,0.003997252747252748,0.037376373626373624,181
0.018703017383813858,0.01573162153363228,0.0,0.5743228942313595,0.8911174785100286,0.8500202589512202,0.510981479296559,0.015816977247595787,0.009358146227896214,0.0,0.003328804347826087,0.003328804347826087,0.07004076086956522,182
0.020842015743255615,0.015707572922110558,0.0,0.5215780388314115,0.8853868194842407,0.7812931250042511,0.43474551386661553,0.018466491252183914,0.009135469794273376,0.0,0.003997282608695653,0.003997282608695653,0.037375905797101455,183
0.01924644410610199,0.0158777367323637,0.0,0.5318451400329489,0.9255014326647565,0.8410664215194954,0.48613208610274716,0.015648333355784416,0.009044468402862549,0.0,0.003328853046594982,0.003328853046594982,0.07004032258064516,184
0.02146209217607975,0.015423976816236973,0.0,0.2111559790479317,0.839541547277937,0.31916513662724955,0.10431009214092316,0.03909891098737717,0.00812965352088213,0.0,0.003997311827956989,0.003997311827956989,0.03737544802867383,185
0.01900479942560196,0.015795612707734108,0.0,0.5476924986106539,0.9111747851002865,0.8354937460798366,0.45284302877660243,0.01728414185345173,0.00894902739673853,0.0,0.0033289007092198583,0.0033289007092198583,0.07003989361702129,186
0.021301349624991417,0.01529326569288969,0.0,0.4778008581370089,0.8997134670487106,0.7461350283543992,0.44154636874931674,0.0181948971003294,0.009063081815838814,0.0,0.0039973404255319155,0.0039973404255319155,0.037375000000000005,187
0.01878126710653305,0.01638191007077694,0.0,0.6489240415409706,0.9054441260744985,0.8672045045934904,0.5344575022034955,0.015815984457731247,0.008856776170432568,0.0,0.0033289473684210524,0.0033289473684210524,0.07003947368421053,188
0.02038801647722721,0.015480421483516693,0.0,0.5631261586496243,0.8939828080229226,0.8219109396128778,0.4566295503386657,0.018348965793848038,0.009005955420434475,0.0,0.003997368421052632,0.003997368421052632,0.03737456140350877,189
0.018334023654460907,0.015984589233994484,0.0,0.5782351212810647,0.8882521489971347,0.8285694849583646,0.4945904893355272,0.016206664964556694,0.009320609271526337,0.0,0.0033289930555555555,0.0033289930555555555,0.0700390625,190
0.021855227649211884,0.01533508487045765,0.0,0.5332611551924776,0.8767908309455588,0.8204271296718323,0.4501045952494551,0.01807275228202343,0.009312070906162262,0.0,0.003997395833333334,0.003997395833333334,0.03737413194444446,191
0.017603809013962746,0.014947820454835892,0.0,0.6430734565544289,0.8939828080229226,0.8537522715316397,0.5158807661230757,0.016006197780370712,0.009066554717719555,0.0,0.0033290378006872855,0.0033290378006872855,0.07003865979381443,192
0.020419053733348846,0.015604313462972641,0.0,0.5616392768336231,0.9111747851002865,0.8401231968036632,0.46820717499816666,0.01767156459391117,0.008944320492446423,0.0,0.003997422680412372,0.003997422680412372,0.03737371134020619,193
0.018486658111214638,0.01491494756191969,0.0,0.6137706787062056,0.9140401146131805,0.8598103094209913,0.5259314191941324,0.015653060749173164,0.008814345113933086,0.0,0.0033290816326530612,0.0033290816326530612,0.07003826530612245,194
0.021292105317115784,0.015484490431845188,0.0,0.5091992941250111,0.8968481375358166,0.7952836737771717,0.4117731969855372,0.017320040613412857,0.009010317735373974,0.0,0.003997448979591837,0.003997448979591837,0.037373299319727896,195
0.018253056332468987,0.015376747585833073,0.0,0.5710985246344825,0.8968481375358166,0.8545694735898558,0.4917007777780313,0.01721801608800888,0.00892698299139738,0.0,0.0033291245791245787,0.0033291245791245787,0.07003787878787879,196
0.02186180092394352,0.015614370815455914,0.0,0.5925906491053156,0.9025787965616046,0.8403919206564767,0.48692547888897086,0.016959743574261665,0.008979309350252151,0.0,0.003997474747474748,0.003997474747474748,0.03737289562289563,197
0.01837272197008133,0.015305210836231709,0.0,0.588078964245631,0.9083094555873925,0.8697821749292469,0.527703861702026,0.015066985972225666,0.008936814032495022,0.0,0.003329166666666667,0.003329166666666667,0.0700375,198
0.020817194133996964,0.01566733792424202,0.0,0.5344177257847103,0.8825214899713467,0.7785189328421761,0.40113083950434747,0.019265424460172653,0.009010875597596169,0.0,0.0039975,0.0039975,0.0373725,199
