      0/39     2.09G   0.07443    0.0269         0    0.1013        23       640    0.3849    0.8048    0.6698    0.2942   0.03961   0.01292         0
      1/39     2.05G   0.04877   0.02095         0   0.06973        18       640    0.5726    0.8128    0.7953    0.4161   0.03593   0.01043         0
      2/39     2.05G   0.04502   0.01945         0   0.06447        19       640    0.4299    0.8574    0.7756    0.4157   0.03404   0.01075         0
      3/39     2.05G   0.04295    0.0201         0   0.06304        18       640    0.4538    0.7808    0.7287    0.3914   0.03503   0.01106         0
      4/39     2.05G   0.04013   0.01926         0   0.05939        21       640    0.5117    0.8589    0.8083    0.4236   0.03303   0.01004         0
      5/39     2.05G   0.03866    0.0189         0   0.05756        23       640    0.4836    0.8784    0.8108    0.4735   0.02981   0.01011         0
      6/39     2.05G    0.0372   0.01875         0   0.05595        20       640    0.6438    0.9039    0.8974     0.554    0.0283  0.009226         0
      7/39     2.05G   0.03639   0.01804         0   0.05443        32       640    0.5793    0.9009    0.8867    0.5606   0.02736  0.009321         0
      8/39     2.05G   0.03563   0.01718         0   0.05281        15       640    0.5078    0.9399    0.8857    0.5491   0.02711   0.00946         0
      9/39     2.05G   0.03396   0.01731         0   0.05127        15       640    0.6598    0.9384    0.9312      0.59   0.02649  0.008663         0
     10/39     2.05G   0.03331   0.01681         0   0.05012        21       640    0.6397    0.9429    0.9295    0.6421   0.02452  0.008336         0
     11/39     2.05G   0.03214   0.01642         0   0.04856        17       640    0.6796    0.9414    0.9412    0.6471   0.02428  0.007921         0
     12/39     2.05G    0.0328   0.01644         0   0.04925        23       640    0.6764    0.9279    0.9243    0.6106   0.02615  0.008343         0
     13/39     2.05G   0.03158   0.01619         0   0.04777        22       640    0.6315     0.958    0.9423    0.6772   0.02288  0.007687         0
     14/39     2.05G   0.03221   0.01619         0    0.0484        26       640    0.6763    0.9565     0.951    0.6544   0.02255  0.007763         0
     15/39     2.05G   0.03018   0.01571         0    0.0459        25       640    0.7611    0.9565    0.9601    0.6817   0.02189  0.007529         0
     16/39     2.05G   0.02987   0.01549         0   0.04536        12       640    0.7307    0.9685    0.9629    0.6913   0.02137  0.007454         0
     17/39     2.05G   0.02916   0.01529         0   0.04446        24       640    0.6716    0.9775    0.9683    0.7127   0.02076  0.007176         0
     18/39     2.05G   0.02919   0.01506         0   0.04425        19       640     0.696    0.9775    0.9709    0.7187   0.02062   0.00709         0
     19/39     2.05G   0.02866   0.01483         0    0.0435        30       640    0.7316     0.976    0.9692    0.7131   0.02003  0.006987         0
     20/39     2.05G    0.0274   0.01482         0   0.04222        24       640    0.6626    0.9835    0.9725    0.7277   0.02016  0.006784         0
     21/39     2.05G   0.02769   0.01439         0   0.04208        22       640    0.7189     0.979    0.9723    0.7284   0.01999  0.006696         0
     22/39     2.05G   0.02713   0.01426         0   0.04139        34       640    0.7784    0.9775    0.9784    0.7376   0.01889  0.006515         0
     23/39     2.05G   0.02636   0.01396         0   0.04032        21       640    0.7033    0.9925    0.9774     0.743   0.01882  0.006653         0
     24/39     2.05G   0.02621   0.01409         0   0.04029        13       640    0.7791    0.9895    0.9835    0.7612   0.01838  0.006439         0
     25/39     2.05G   0.02571   0.01391         0   0.03961        23       640    0.7906     0.991    0.9846    0.7646   0.01815  0.006192         0
     26/39     2.05G    0.0251   0.01343         0   0.03853        19       640    0.7392    0.9925    0.9831    0.7662   0.01814  0.006268         0
     27/39     2.05G   0.02454   0.01323         0   0.03777        24       640    0.7333    0.9925    0.9853    0.7648   0.01778  0.006334         0
     28/39     2.05G   0.02455   0.01322         0   0.03778        32       640     0.813     0.994    0.9904    0.7753   0.01746  0.005927         0
     29/39     2.05G   0.02394   0.01316         0    0.0371        15       640    0.8422     0.994     0.988    0.7759   0.01652  0.005801         0
     30/39     2.05G   0.02404   0.01285         0   0.03689        12       640     0.821     0.994     0.989    0.7793   0.01675  0.005735         0
     31/39     2.05G   0.02362   0.01271         0   0.03633        23       640    0.8509     0.997    0.9912    0.7945   0.01682  0.005635         0
     32/39     2.05G   0.02394   0.01263         0   0.03657        17       640    0.8427         1    0.9918     0.781   0.01638   0.00555         0
     33/39     2.05G   0.02302   0.01265         0   0.03567        20       640    0.8499     0.994    0.9896    0.8017   0.01554  0.005549         0
     34/39     2.05G   0.02276   0.01274         0   0.03551        18       640    0.8145    0.9955     0.989    0.8052   0.01512  0.005608         0
     35/39     2.05G   0.02236   0.01244         0    0.0348        24       640    0.8294    0.9985    0.9904    0.7934   0.01557  0.005399         0
     36/39     2.05G   0.02227   0.01219         0   0.03446        19       640    0.8746    0.9985     0.992    0.8061   0.01539   0.00529         0
     37/39     2.05G   0.02213   0.01216         0   0.03429        24       640    0.8483    0.9955    0.9901    0.8057   0.01502  0.005287         0
     38/39     2.05G   0.02185   0.01209         0   0.03394        19       640    0.8436    0.9955    0.9903    0.8219   0.01445  0.005171         0
     39/39     2.05G   0.02166   0.01199         0   0.03365        24       640    0.8741    0.9985    0.9907    0.8103   0.01462  0.005169         0
