0,0.571154,0.549288,0.633077,0.877328,0.43335,armas (10).jpg
0,0.519048,0.543333,0.91746,0.913333,0.858398,armas (12).jpg
0,0.347458,0.504,0.673729,0.992,0.760742,armas (1234).jpg
67,0.704449,0.186,0.133475,0.088,0.822754,armas (1234).jpg
67,0.457958,0.581,0.111111,0.17,0.637207,armas (1267).jpg
0,0.518018,0.614,0.945946,0.74,0.845215,armas (1267).jpg
67,0.696429,0.401786,0.0535714,0.136905,0.322754,armas (14).jpg
67,0.401786,0.526786,0.214286,0.172619,0.331787,armas (14).jpg
0,0.473214,0.583333,0.803571,0.821429,0.4729,armas (14).jpg
0,0.888031,0.239691,0.223938,0.365979,0.278564,armas (2).jpg
27,0.405512,0.934524,0.181102,0.130952,0.640625,armas (22).jpg
67,0.362205,0.517857,0.125984,0.190476,0.65918,armas (22).jpg
0,0.511811,0.52381,0.976378,0.952381,0.78125,armas (22).jpg
0,0.777308,0.680139,0.445385,0.531178,0.335938,armas (28).jpg
32,0.0819231,0.547921,0.0838462,0.132794,0.415771,armas (28).jpg
67,0.185335,0.228846,0.169746,0.0469231,0.56543,armas (29).jpg
0,0.535797,0.531154,0.856813,0.937692,0.839355,armas (29).jpg
0,0.568333,0.578886,0.863333,0.823666,0.505859,armas (4).jpg
67,0.871667,0.267981,0.0966667,0.290023,0.517578,armas (4).jpg
0,0.706667,0.334107,0.1,0.236659,0.543457,armas (4).jpg
67,0.1625,0.448956,0.208333,0.109049,0.614746,armas (4).jpg
0,0.666667,0.519048,0.285714,0.92381,0.45752,armas (40).jpg
38,0.298077,0.591489,0.455128,0.67234,0.296631,armas (43).jpg
0,0.532051,0.525532,0.935897,0.948936,0.523438,armas (43).jpg
67,0.487298,0.551154,0.272517,0.199231,0.405029,armas (47).jpg
0,0.5325,0.501667,0.5975,0.978333,0.50293,armas (54).jpg
0,0.258427,0.249489,0.0337079,0.129516,0.254395,armas (56).jpg
0,0.428479,0.234151,0.0410544,0.135651,0.26123,armas (56).jpg
0,0.955488,0.23347,0.031115,0.104294,0.295166,armas (56).jpg
0,0.352204,0.2379,0.0259291,0.110429,0.320801,armas (56).jpg
0,0.0602852,0.240627,0.0263613,0.0831629,0.325928,armas (56).jpg
0,0.205056,0.24165,0.0263613,0.0988412,0.351074,armas (56).jpg
0,0.968021,0.262781,0.0622299,0.197001,0.381836,armas (56).jpg
0,0.977312,0.216087,0.0436474,0.186776,0.41333,armas (56).jpg
0,0.955488,0.212679,0.0267934,0.0558964,0.424805,armas (56).jpg
0,0.0417027,0.342195,0.0825411,0.227676,0.437012,armas (56).jpg
0,0.592264,0.182345,0.0263613,0.0538514,0.458252,armas (56).jpg
56,0.770311,0.589298,0.101556,0.115201,0.479004,armas (56).jpg
0,0.532195,0.391275,0.256266,0.73756,0.574707,armas (56).jpg
0,0.858686,0.236878,0.0872947,0.173824,0.590332,armas (56).jpg
0,0.868842,0.294819,0.0592048,0.122018,0.697754,armas (56).jpg
0,0.388289,0.270961,0.0600691,0.188821,0.711914,armas (56).jpg
0,0.172213,0.289025,0.0790838,0.164963,0.72168,armas (56).jpg
0,0.237468,0.269939,0.0479689,0.177232,0.723633,armas (56).jpg
0,0.108038,0.267894,0.079516,0.193592,0.740234,armas (56).jpg
0,0.311582,0.269257,0.0648228,0.163599,0.746582,armas (56).jpg
0,0.507752,0.524027,0.984496,0.915332,0.446045,armas (57).jpg
74,0.277692,0.340069,0.435385,0.465358,0.264648,armas (58).jpg
67,0.535,0.35739,0.314615,0.578522,0.334473,armas (61).jpg
63,0.788077,0.326212,0.423846,0.633949,0.381592,armas (61).jpg
27,0.491071,0.725664,0.0535714,0.477876,0.588867,armas (68).jpg
67,0.473214,0.336283,0.0416667,0.141593,0.651855,armas (68).jpg
0,0.52381,0.526549,0.404762,0.911504,0.866211,armas (68).jpg
0,0.511923,0.503462,0.976154,0.968462,0.330322,armas (7).jpg
67,0.477876,0.473214,0.19469,0.327381,0.387451,armas (72).jpg
0,0.522124,0.4375,0.955752,0.875,0.549805,armas (72).jpg
76,0.521875,0.257946,0.56875,0.471883,0.307617,armas (76).jpg
37,0.111719,0.506112,0.160938,0.611247,0.442871,armas (76).jpg
