0 0.753906 0.107038 0.132812 0.126100
0 0.785645 0.262463 0.188477 0.252199
0 0.895996 0.609971 0.131836 0.205279
0 0.732422 0.565982 0.191406 0.208211
0 0.718750 0.874633 0.449219 0.250733
0 0.522949 0.551320 0.166992 0.263930
0 0.547363 0.294721 0.206055 0.202346
0 0.517578 0.096774 0.095703 0.149560
0 0.335449 0.127566 0.081055 0.105572
0 0.333496 0.348974 0.110352 0.123167
0 0.159180 0.138563 0.171875 0.162757
0 0.107910 0.369501 0.170898 0.199413
0 0.323242 0.632698 0.187500 0.280059
0 0.050293 0.648827 0.098633 0.247801
